// MilkShape 3D ASCII

Frames: 30
Frame: 1

Meshes: 1
"default" 0 0
263
0 -49.120262 27.249840 -0.000000 0.448350 1.343188 -1
0 -49.949993 -21.806004 -0.000000 0.446705 1.621739 -1
0 -49.949993 -21.806004 93.649788 0.446705 1.621739 -1
0 -48.639893 28.191874 93.649788 0.448703 1.337529 -1
0 247.992004 -2.756012 -0.000000 0.764849 1.513043 -1
0 241.134003 7.149988 -0.000000 0.757526 1.456522 -1
0 241.134003 7.149988 93.649788 0.757526 1.456522 -1
0 247.992004 -2.756012 93.649788 0.764849 1.513043 -1
0 321.906006 16.293989 -0.000000 0.843775 1.404348 -1
0 305.142029 34.581982 -0.000000 0.825875 1.300000 -1
0 305.142029 34.581982 93.649788 0.825875 1.300000 -1
0 321.906006 16.293989 93.649788 0.843775 1.404348 -1
0 -16.421974 4.863992 -0.000000 0.482506 1.469565 -1
0 13.296010 4.101993 -0.000000 0.514239 1.473913 -1
0 13.296010 4.101993 93.649788 0.514239 1.473913 -1
0 -16.421974 4.863992 93.649788 0.482506 1.469565 -1
0 -449.238007 25.437986 -0.000000 0.020342 1.352174 -1
0 -450.000031 4.863992 -0.000000 0.019528 1.469565 -1
0 -450.000031 4.863992 93.649788 0.019528 1.469565 -1
0 -449.238007 25.437986 93.649788 0.020342 1.352174 -1
0 426.299957 -21.806004 93.649788 0.955248 1.621739 -1
0 435.443970 -22.568005 93.649788 0.965012 1.626087 -1
0 447.635956 -11.900011 93.649788 0.978031 1.565217 -1
0 447.911316 11.855617 93.649788 0.977461 1.431804 -1
0 427.824005 35.343994 93.649788 0.956876 1.295652 -1
0 363.828766 36.875366 93.649788 0.888541 1.286957 -1
0 351.410126 28.191914 93.649788 0.875880 1.337528 -1
0 350.100006 -21.806004 93.649788 0.873881 1.621739 -1
0 357.720001 -33.998009 93.649788 0.882018 1.691304 -1
0 369.911957 -36.284004 93.649788 0.895037 1.704348 -1
0 382.103943 -24.854008 93.649788 0.908055 1.639130 -1
0 383.627991 4.863992 93.649788 0.909683 1.469565 -1
0 413.345978 4.101993 93.649788 0.941416 1.473913 -1
0 418.679993 -15.710005 93.649788 0.947111 1.586957 -1
0 -343.320038 33.819988 93.649788 0.133442 1.304348 -1
0 -343.320038 33.819988 -0.000000 0.133442 1.304348 -1
0 -349.416046 24.675987 -0.000000 0.126932 1.356522 -1
0 -349.416046 24.675987 93.649788 0.126932 1.356522 -1
0 47.163815 13.647490 -0.000000 0.549425 1.421861 -1
0 27.773951 35.343994 -0.000000 0.529699 1.295652 -1
0 27.773951 35.343994 93.649788 0.529699 1.295652 -1
0 47.861340 11.855675 93.649788 0.550284 1.431804 -1
0 252.563965 -28.664003 93.649788 0.769731 1.660870 -1
0 252.563965 -28.664003 -0.000000 0.769731 1.660870 -1
0 263.231995 -36.284004 -0.000000 0.781123 1.704348 -1
0 263.231995 -36.284004 93.649788 0.781123 1.704348 -1
0 369.911957 -36.284004 -0.000000 0.895037 1.704348 -1
0 382.103943 -24.854008 -0.000000 0.908055 1.639130 -1
0 -335.700043 -29.426004 -0.000000 0.141579 1.665217 -1
0 -325.032013 -36.284004 -0.000000 0.152970 1.704348 -1
0 -325.032013 -36.284004 93.649788 0.152970 1.704348 -1
0 -335.700043 -29.426004 93.649788 0.141579 1.665217 -1
0 47.585957 -11.900011 -0.000000 0.550854 1.565217 -1
0 47.585957 -11.900011 93.649788 0.550854 1.565217 -1
0 -36.221294 36.875366 93.649788 0.461364 1.286957 -1
0 -36.226498 36.872654 -0.000000 0.461359 1.286957 -1
0 -147.485992 -28.664003 93.649788 0.342555 1.660870 -1
0 -147.485992 -28.664003 -0.000000 0.342555 1.660870 -1
0 -136.817993 -36.284004 -0.000000 0.353946 1.704348 -1
0 -136.817993 -36.284004 93.649788 0.353946 1.704348 -1
0 276.238953 36.884369 -0.000000 0.795012 1.286957 -1
0 268.566071 33.819988 -0.000000 0.786819 1.304348 -1
0 272.904480 36.636871 93.649788 0.791851 1.293724 -1
0 135.215958 -36.284004 -0.000000 0.644426 1.704348 -1
0 144.360031 -30.950005 -0.000000 0.654190 1.673913 -1
0 146.409637 -28.921728 93.649788 0.655494 1.659977 -1
0 135.215958 -36.284004 93.649788 0.644426 1.704348 -1
0 251.040024 12.483991 93.649788 0.768104 1.426087 -1
0 326.692230 -35.647972 93.649788 0.848564 1.696841 -1
0 347.052002 -13.424012 93.649788 0.870627 1.573913 -1
0 347.052002 0.291988 93.649788 0.870627 1.495652 -1
0 337.908081 8.673985 93.649788 0.860862 1.447826 -1
0 324.954071 7.911987 93.649788 0.847030 1.452174 -1
0 -366.180054 50.583977 -0.000000 0.109032 1.208696 -1
0 -423.330017 50.583984 -0.000000 0.048007 1.208696 -1
0 -423.330017 50.583984 93.649788 0.048007 1.208696 -1
0 -366.180054 50.583977 93.649788 0.109032 1.208696 -1
0 -30.137987 -36.284004 -0.000000 0.467860 1.704348 -1
0 -17.946007 -24.854008 -0.000000 0.480879 1.639130 -1
0 -17.946007 -24.854008 93.649788 0.480879 1.639130 -1
0 -30.137987 -36.284004 93.649788 0.467860 1.704348 -1
0 -75.096001 7.911987 -0.000000 0.419854 1.452174 -1
0 -78.143997 16.293989 -0.000000 0.416599 1.404348 -1
0 -78.143997 16.293989 93.649788 0.416599 1.404348 -1
0 -75.096001 7.911987 93.649788 0.419854 1.452174 -1
0 -94.908028 34.581982 -0.000000 0.398698 1.300000 -1
0 -123.811050 36.884369 -0.000000 0.367835 1.286957 -1
0 -127.145607 36.636868 93.649788 0.364674 1.293724 -1
0 -94.908028 34.581982 93.649788 0.398698 1.300000 -1
0 150.455978 3.339994 93.649788 0.660700 1.478261 -1
0 150.455978 3.339994 -0.000000 0.660700 1.478261 -1
0 157.313980 -6.566012 -0.000000 0.668023 1.534783 -1
0 157.313980 -6.566012 93.649788 0.668023 1.534783 -1
0 -149.009995 12.483991 -0.000000 0.340928 1.426087 -1
0 -131.484009 33.819988 -0.000000 0.359642 1.304348 -1
0 -62.141975 8.673985 -0.000000 0.433686 1.447826 -1
0 -52.998013 0.291988 -0.000000 0.443450 1.495652 -1
0 -52.998013 -13.424012 -0.000000 0.443450 1.573913 -1
0 -72.050018 -35.045361 -0.000000 0.422792 1.693505 -1
0 347.052002 0.291988 -0.000000 0.870627 1.495652 -1
0 337.908081 8.673985 -0.000000 0.860862 1.447826 -1
0 144.360031 31.533987 -0.000000 0.654190 1.317391 -1
0 129.881943 36.867989 -0.000000 0.638731 1.286957 -1
0 129.881943 36.867989 93.649788 0.638731 1.286957 -1
0 144.360031 31.533987 93.649788 0.654190 1.317391 -1
0 -52.998013 -13.424012 93.649788 0.443450 1.573913 -1
0 -73.357788 -35.647972 93.649788 0.421387 1.696841 -1
0 150.455978 -16.472008 -0.000000 0.660700 1.591304 -1
0 150.455978 -16.472008 93.649788 0.660700 1.591304 -1
0 56.730007 33.819988 93.649788 0.560618 1.304348 -1
0 56.730007 33.819988 -0.000000 0.560618 1.304348 -1
0 50.633972 24.675987 -0.000000 0.554109 1.356522 -1
0 50.633972 24.675987 93.649788 0.554109 1.356522 -1
0 -248.832031 -40.094002 -0.000000 0.234337 1.726087 -1
0 -241.974030 -47.714005 -0.000000 0.241660 1.769565 -1
0 -241.974030 -47.714005 93.649788 0.241660 1.769565 -1
0 -248.832031 -40.094002 93.649788 0.234337 1.726087 -1
0 418.679993 -15.710005 -0.000000 0.947111 1.586957 -1
0 426.299957 -21.806004 -0.000000 0.955248 1.621739 -1
0 350.929749 27.249903 -0.000000 0.875527 1.343188 -1
0 350.100006 -21.806004 -0.000000 0.873881 1.621739 -1
0 151.980057 -27.902002 -0.000000 0.662327 1.656522 -1
0 163.409973 -36.284004 -0.000000 0.674532 1.704348 -1
0 163.409973 -36.284004 93.649788 0.674532 1.704348 -1
0 151.980057 -27.902002 93.649788 0.662327 1.656522 -1
0 -349.416046 -11.138010 -0.000000 0.126932 1.560870 -1
0 -349.416046 -11.138010 93.649788 0.126932 1.560870 -1
0 -231.306030 -50.000004 -0.000000 0.253051 1.782609 -1
0 -231.306030 -50.000004 93.649788 0.253051 1.782609 -1
0 -149.009995 12.483991 93.649788 0.340928 1.426087 -1
0 232.751953 -30.950005 -0.000000 0.748576 1.673913 -1
0 247.229980 -12.662013 -0.000000 0.764036 1.569565 -1
0 247.229980 -12.662013 93.649788 0.764036 1.569565 -1
0 232.751953 -30.950005 93.649788 0.748576 1.673913 -1
0 -62.141975 8.673985 93.649788 0.433686 1.447826 -1
0 328.000031 -35.045357 -0.000000 0.849969 1.693505 -1
0 251.040024 12.483991 -0.000000 0.768104 1.426087 -1
0 324.954071 7.911987 -0.000000 0.847030 1.452174 -1
0 347.052002 -13.424012 -0.000000 0.870627 1.573913 -1
0 -52.998013 0.291988 93.649788 0.443450 1.495652 -1
0 247.992004 16.293989 93.649788 0.764849 1.404348 -1
0 246.467972 28.485987 93.649788 0.763222 1.334783 -1
0 234.275986 36.867989 93.649788 0.750203 1.286957 -1
0 172.622314 36.574059 93.649788 0.684658 1.292753 -1
0 151.218033 13.245990 93.649788 0.661513 1.421739 -1
0 223.607956 -36.284004 93.649788 0.738812 1.704348 -1
0 -365.418060 -28.664003 -0.000000 0.109845 1.660870 -1
0 -352.464050 -11.900011 -0.000000 0.123678 1.565217 -1
0 -352.464050 -11.900011 93.649788 0.123678 1.565217 -1
0 -365.418060 -28.664003 93.649788 0.109845 1.660870 -1
0 -184.823990 -4.280010 -0.000000 0.302685 1.521739 -1
0 -237.402023 -4.280010 -0.000000 0.246542 1.521739 -1
0 -237.402023 -4.280010 93.649788 0.246542 1.521739 -1
0 -184.823990 -4.280010 93.649788 0.302685 1.521739 -1
0 -270.168030 36.867989 -0.000000 0.211554 1.286957 -1
0 -283.022003 28.168774 -0.000000 0.198584 1.338611 -1
0 -282.376709 29.282299 93.649788 0.199197 1.332056 -1
0 -270.168030 36.867989 93.649788 0.211554 1.286957 -1
0 -284.646057 -4.280010 -0.000000 0.196094 1.521739 -1
0 -316.335266 -3.013185 -0.000000 0.162880 1.511845 -1
0 -315.633514 -3.730940 93.649788 0.163546 1.516295 -1
0 -284.646057 -4.280010 93.649788 0.196094 1.521739 -1
0 -264.834015 -36.284004 -0.000000 0.217250 1.704348 -1
0 -255.690018 -30.950005 -0.000000 0.227014 1.673913 -1
0 -253.640366 -28.921671 93.649788 0.228318 1.659976 -1
0 -264.834015 -36.284004 93.649788 0.217250 1.704348 -1
0 148.169968 -23.330004 -0.000000 0.658259 1.630435 -1
0 -251.880020 -23.330004 -0.000000 0.231082 1.630435 -1
0 -251.880020 23.913988 -0.000000 0.231082 1.360870 -1
0 -251.880020 23.913988 93.649788 0.231082 1.360870 -1
0 -247.308029 -11.138010 -0.000000 0.235964 1.560870 -1
0 -247.308029 -11.138010 93.649788 0.235964 1.560870 -1
0 247.992004 16.293989 -0.000000 0.764849 1.404348 -1
0 246.467972 28.485987 -0.000000 0.763222 1.334783 -1
0 -437.046021 -36.284004 93.649788 0.033360 1.704348 -1
0 -437.046021 -36.284004 -0.000000 0.033360 1.704348 -1
0 -376.848022 -36.284004 -0.000000 0.097640 1.704348 -1
0 -376.848022 -36.284004 93.649788 0.097640 1.704348 -1
0 -244.260025 33.057991 93.649788 0.239219 1.308696 -1
0 -244.260025 33.057991 -0.000000 0.239219 1.308696 -1
0 -249.594025 24.675987 -0.000000 0.233523 1.356522 -1
0 -249.594025 24.675987 93.649788 0.233523 1.356522 -1
0 -331.968414 37.235447 -0.000000 0.145483 1.289020 -1
0 -330.385101 37.077385 93.649788 0.147172 1.289920 -1
0 -319.698059 29.247986 -0.000000 0.158666 1.330435 -1
0 -319.698059 29.247986 93.649788 0.158666 1.330435 -1
0 50.633972 -11.138010 -0.000000 0.554109 1.560870 -1
0 50.633972 -11.138010 93.649788 0.554109 1.560870 -1
0 435.443970 -22.568005 -0.000000 0.965012 1.626087 -1
0 117.028030 28.168793 -0.000000 0.625761 1.338611 -1
0 148.169968 23.913988 -0.000000 0.658259 1.360870 -1
0 75.017982 -36.284004 -0.000000 0.580146 1.704348 -1
0 64.350029 -29.426004 -0.000000 0.568755 1.665217 -1
0 68.081673 37.235443 -0.000000 0.572660 1.289020 -1
0 80.352005 29.247986 -0.000000 0.585842 1.330435 -1
0 83.714760 -3.013184 -0.000000 0.590057 1.511845 -1
0 115.404007 -4.280010 -0.000000 0.623271 1.521739 -1
0 427.824005 35.343994 -0.000000 0.956876 1.295652 -1
0 363.823547 36.872654 -0.000000 0.888535 1.286957 -1
0 75.017982 -36.284004 93.649788 0.580146 1.704348 -1
0 -351.702026 31.533987 -0.000000 0.124491 1.317391 -1
0 -353.988037 42.963982 -0.000000 0.122050 1.252174 -1
0 -353.988037 42.963982 93.649788 0.122050 1.252174 -1
0 -351.702026 31.533987 93.649788 0.124491 1.317391 -1
0 -255.690018 31.533987 -0.000000 0.227014 1.317391 -1
0 -255.690018 31.533987 93.649788 0.227014 1.317391 -1
0 -351.702026 9.435990 -0.000000 0.124491 1.443478 -1
0 -351.702026 9.435990 93.649788 0.124491 1.443478 -1
0 -432.474030 46.773991 -0.000000 0.038242 1.230435 -1
0 -432.474030 46.773991 93.649788 0.038242 1.230435 -1
0 223.607956 -36.284004 -0.000000 0.738812 1.704348 -1
0 84.416496 -3.730935 93.649788 0.590723 1.516295 -1
0 115.404007 -4.280010 93.649788 0.623271 1.521739 -1
0 26.249964 -21.806004 93.649788 0.528072 1.621739 -1
0 26.249964 -21.806004 -0.000000 0.528072 1.621739 -1
0 35.394020 -22.568005 -0.000000 0.537836 1.626087 -1
0 35.394020 -22.568005 93.649788 0.537836 1.626087 -1
0 -447.714020 -28.664003 -0.000000 0.021969 1.660870 -1
0 -447.714020 -28.664003 93.649788 0.021969 1.660870 -1
0 18.629986 -15.710005 93.649788 0.519935 1.586957 -1
0 -42.330017 -33.998009 93.649788 0.454841 1.691304 -1
0 148.169968 23.913988 93.649788 0.658259 1.360870 -1
0 151.218033 13.245990 -0.000000 0.661513 1.421739 -1
0 171.917328 36.441681 -0.000000 0.683952 1.294168 -1
0 234.275986 36.867989 -0.000000 0.750203 1.286957 -1
0 117.673302 29.282309 93.649788 0.626374 1.332055 -1
0 357.720001 -33.998009 -0.000000 0.882018 1.691304 -1
0 447.213806 13.647411 -0.000000 0.976602 1.421861 -1
0 -216.828018 -36.284004 -0.000000 0.268511 1.704348 -1
0 -159.879593 -34.828545 -0.000000 0.328994 1.692109 -1
0 -161.123505 -35.474342 93.649788 0.327629 1.695351 -1
0 -216.828018 -36.284004 93.649788 0.268511 1.704348 -1
0 447.635956 -11.900011 -0.000000 0.978031 1.565217 -1
0 -152.058014 10.959988 -0.000000 0.337673 1.434783 -1
0 -174.156006 36.105980 -0.000000 0.314076 1.291304 -1
0 -174.156006 36.105980 93.649788 0.314076 1.291304 -1
0 -152.058014 10.959988 93.649788 0.337673 1.434783 -1
0 -235.872467 36.870403 -0.000000 0.248175 1.286957 -1
0 -235.868774 36.871819 93.649788 0.248179 1.286957 -1
0 -152.058014 -24.092005 93.649788 0.337673 1.634783 -1
0 -152.058014 -24.092005 -0.000000 0.337673 1.634783 -1
0 -184.647522 2.781002 -0.000000 0.302264 1.484707 -1
0 -242.736023 7.149988 -0.000000 0.240846 1.456522 -1
0 -248.832031 14.769987 -0.000000 0.234337 1.413043 -1
0 -222.924011 -46.190006 -0.000000 0.262002 1.760870 -1
0 80.352005 29.247986 93.649788 0.585842 1.330435 -1
0 69.665001 37.077381 93.649788 0.574349 1.289920 -1
0 64.350029 -29.426004 93.649788 0.568755 1.665217 -1
0 -248.832031 14.769987 93.649788 0.234337 1.413043 -1
0 -184.061996 1.053987 93.649788 0.303499 1.491304 -1
0 -242.736023 7.149988 93.649788 0.240846 1.456522 -1
0 -42.330017 -33.998009 -0.000000 0.454841 1.691304 -1
0 383.627991 4.863992 -0.000000 0.909683 1.469565 -1
0 413.345978 4.101993 -0.000000 0.941416 1.473913 -1
0 -222.924011 -46.190006 93.649788 0.262002 1.760870 -1
0 -187.872009 4.863992 93.649788 0.299430 1.469565 -1
0 18.629986 -15.710005 -0.000000 0.519935 1.586957 -1
0 -450.000031 -17.996010 93.649788 0.019528 1.600000 -1
0 -358.560028 20.103994 93.649788 0.117168 1.382609 -1
0 -443.142029 -6.566012 93.649788 0.026851 1.534783 -1
0 -358.560028 20.103994 -0.000000 0.117168 1.382609 -1
0 -443.142029 -6.566012 -0.000000 0.026851 1.534783 -1
0 -450.000031 -17.996010 -0.000000 0.019528 1.600000 -1
551
-0.730300 0.030500 -0.682400
-0.737600 -0.193200 -0.647100
-0.729700 -0.087000 0.678200
-0.727000 0.136600 0.672900
0.723500 0.228400 -0.651400
0.501900 -0.009600 -0.864900
0.518000 -0.032700 0.854800
0.742500 0.201000 0.639000
0.595700 0.433200 -0.676400
0.340000 0.695100 -0.633400
0.385300 0.645700 0.659300
0.638000 0.387100 0.665700
0.361900 -0.319200 -0.875800
-0.305900 -0.388700 -0.869100
-0.371100 -0.387000 0.844100
0.293900 -0.317500 0.901600
-0.720500 0.208400 -0.661300
-0.737400 -0.189600 -0.648300
-0.735400 -0.135100 0.664100
-0.718500 0.263500 0.643700
0.123000 -0.752500 0.647000
0.634500 -0.449400 0.628900
0.706900 -0.325700 0.627800
0.515400 0.531900 0.672000
-0.127500 0.765800 0.630300
-0.552200 0.525400 0.647300
-0.714000 0.193900 0.672700
-0.613900 -0.447900 0.650000
-0.119500 -0.769900 0.626900
0.608800 -0.497400 0.618100
0.703100 -0.326200 0.631800
0.419200 -0.107500 0.901500
-0.092100 -0.486000 0.869100
-0.450600 -0.619000 0.643300
-0.480900 0.592700 0.646100
-0.497600 0.567700 -0.655800
-0.729500 0.220800 -0.647400
-0.712800 0.245800 0.656800
0.589000 0.436000 -0.680400
0.349200 0.697700 -0.625500
0.382500 0.645300 0.661300
0.632900 0.385800 0.671200
-0.690900 -0.371800 0.620000
-0.660300 -0.393600 -0.639500
-0.233300 -0.728200 -0.644500
-0.262400 -0.707400 0.656300
0.255000 -0.722000 -0.643200
0.703100 -0.326200 -0.631800
0.669200 -0.357900 0.651100
0.220200 -0.754700 0.618100
-0.478300 -0.561700 -0.675000
-0.214400 -0.730100 -0.648900
-0.243300 -0.711500 0.659200
-0.506000 -0.543900 0.669400
0.709900 -0.250400 -0.658200
0.731900 0.181300 -0.656800
0.731200 0.119600 0.671500
0.721000 -0.304800 0.622300
-0.252000 0.723700 0.642400
-0.275300 0.695500 -0.663700
-0.629400 0.442500 -0.638800
-0.594700 0.464300 0.656300
-0.150100 0.720100 -0.677400
-0.456100 0.598200 -0.658900
-0.415500 0.629600 0.656400
0.249000 -0.715600 -0.652600
0.564000 -0.504400 -0.653800
0.553000 -0.517700 0.652800
0.214800 -0.720100 0.659800
0.234700 0.708400 0.665700
0.333900 0.698100 0.633400
-0.516900 0.550900 0.655200
-0.760700 -0.132700 0.635300
-0.358400 -0.698000 0.620000
-0.229700 -0.729400 0.644400
0.554700 -0.506500 0.660100
0.753900 0.159900 0.637300
0.382600 0.678800 0.626700
0.260400 0.732500 0.629000
-0.016600 0.494700 0.868900
0.080100 0.730400 -0.678300
0.000200 0.707100 -0.707100
0.114000 0.707100 0.697800
0.209500 0.730400 0.650000
0.264700 0.433500 -0.861400
0.638000 0.387100 -0.665700
0.646000 0.364900 0.670400
0.271900 0.413600 0.868900
0.257400 0.707400 -0.658300
0.030300 0.715000 -0.698500
0.079800 0.711400 0.698200
0.333600 0.695000 0.636900
-0.742500 -0.201000 0.639000
-0.723500 -0.228400 -0.651400
-0.510300 0.000000 -0.860000
-0.526400 0.023200 0.849900
-0.760800 -0.192000 -0.620000
-0.504800 0.584400 -0.635300
0.001300 0.755500 -0.655200
0.446100 0.560000 -0.698100
0.339500 0.695400 -0.633400
0.707900 0.236200 -0.665700
0.464500 0.170900 -0.868900
0.260400 0.732500 -0.629000
0.759000 0.176600 -0.626700
0.507800 -0.579700 -0.637300
-0.296500 -0.687200 -0.663200
-0.226300 -0.730400 -0.644400
0.713300 0.313800 0.626700
0.687400 0.337500 -0.643100
0.286200 0.708900 0.644700
0.476100 0.591700 -0.650500
-0.064900 0.779300 -0.623200
-0.023900 0.764200 0.644500
0.516300 0.576900 0.632900
0.478500 -0.562800 -0.674000
0.717800 -0.290000 -0.633000
0.666400 -0.334900 0.666200
0.430400 -0.616400 0.659400
-0.222200 -0.734800 0.640900
-0.085200 -0.726100 -0.682300
0.169200 -0.728900 -0.663400
0.031500 -0.732600 0.679900
-0.526400 -0.023200 -0.849900
-0.751600 0.181100 -0.634200
-0.732500 0.208800 0.648000
-0.510300 -0.000000 0.860000
-0.712500 -0.280500 -0.643200
-0.383200 -0.662300 -0.643900
-0.402000 -0.641400 0.653500
-0.731900 -0.258900 0.630300
-0.619600 -0.436000 -0.652600
-0.282100 -0.708400 -0.647000
-0.302900 -0.691700 0.655600
-0.640600 -0.419300 0.643300
0.707100 -0.246900 -0.662600
0.294000 -0.317600 -0.901500
0.290500 -0.385400 0.875800
0.703100 -0.326200 0.631900
-0.636800 -0.420300 -0.646400
-0.238200 -0.727600 -0.643400
-0.269300 -0.704700 0.656400
-0.668900 -0.396700 0.628600
-0.729500 0.220900 0.647300
-0.729500 0.130700 -0.671400
-0.727000 -0.242400 -0.642400
-0.727000 -0.151100 0.669800
-0.353900 -0.668500 -0.654100
0.082400 -0.761500 -0.642900
0.053100 -0.755200 0.653300
-0.383200 -0.662300 0.643900
-0.731700 0.246800 0.635400
-0.727800 0.142300 -0.670800
-0.690800 -0.371900 -0.620000
-0.694900 -0.263300 0.669200
0.524400 -0.516300 -0.677100
0.710100 -0.278000 -0.646900
0.671900 -0.326200 0.664900
0.487900 -0.562300 0.667700
0.224000 0.730300 -0.645300
0.272000 0.413500 -0.868900
0.302300 0.415300 0.858000
0.260500 0.732500 0.629000
0.723600 -0.265000 0.637300
0.723600 -0.227100 -0.651700
0.713300 0.313800 -0.626700
0.713300 0.275000 0.644700
0.667300 -0.330200 0.667600
0.760700 0.053900 0.646900
0.512000 0.574100 0.639000
0.433400 0.253500 0.864800
0.759500 0.155200 0.631700
0.304600 0.718300 0.625500
0.224600 0.729500 0.646000
-0.512400 0.555200 0.655100
-0.762100 -0.072100 0.643400
-0.480300 -0.600900 0.639000
-0.436800 -0.264000 0.860000
-0.707900 -0.311000 0.634200
-0.668900 -0.396800 0.628600
-0.116200 -0.756700 0.643300
0.286200 -0.701400 0.652800
0.537300 -0.499200 -0.679800
0.719300 -0.259900 -0.644300
0.684700 -0.304700 0.662100
0.504800 -0.541300 0.672500
-0.407400 0.348100 -0.844300
-0.227600 0.728800 -0.645800
-0.103700 0.728800 0.676800
-0.302000 0.348100 0.887500
-0.134000 0.751200 -0.646300
-0.585200 0.491600 -0.644900
-0.552000 0.509200 0.660400
-0.114100 0.778300 0.617400
-0.359800 0.329500 -0.872900
0.262600 0.509000 -0.819700
0.327300 0.509400 0.795800
-0.293800 0.309700 0.904300
0.556800 -0.503800 -0.660400
0.733300 -0.155900 -0.661800
0.719700 -0.212400 0.661000
0.732900 -0.061200 -0.677600
0.745100 0.158600 -0.647800
0.723000 0.050100 0.689000
0.726900 -0.199700 0.657100
-0.689300 0.302700 -0.658200
-0.731900 -0.259000 -0.630300
-0.727800 -0.181200 0.661400
-0.685100 0.382300 0.620100
0.744900 -0.164800 -0.646500
0.666600 0.405400 -0.625500
0.670900 0.370800 0.642200
0.749200 -0.199000 0.631700
-0.233300 -0.728200 0.644400
-0.095700 -0.728200 -0.678700
0.220900 -0.729500 -0.647300
0.084200 -0.729500 0.678800
-0.499400 0.574700 0.648300
-0.513900 0.551800 -0.656800
-0.743500 0.185800 -0.642400
-0.728800 0.209000 0.652100
-0.081300 0.734000 -0.674300
-0.411600 0.649500 -0.639300
-0.389300 0.642700 0.659800
-0.055600 0.745600 0.664100
0.629700 0.425100 -0.650200
0.235900 0.726700 -0.645200
0.261000 0.703300 0.661300
0.660200 0.423600 0.620200
0.573300 0.249500 0.780400
0.566800 0.314900 -0.761300
0.671700 0.385300 -0.632800
0.689500 0.305000 0.657000
-0.282100 -0.708400 0.647000
-0.257000 -0.710400 -0.655100
0.243000 -0.738500 -0.629000
0.217000 -0.736300 0.640900
0.712200 -0.250900 -0.655600
0.742500 0.201000 -0.639000
0.740400 0.173500 0.649400
0.710100 -0.278000 0.646900
-0.249300 0.720300 -0.647300
-0.094300 0.776300 -0.623300
0.608700 0.478600 -0.632800
0.746800 -0.090100 -0.658900
0.574000 -0.486200 -0.658900
0.155200 -0.745600 -0.648100
-0.327800 -0.682900 -0.652800
-0.641800 -0.408900 -0.648800
-0.506000 -0.544000 -0.669300
-0.758100 0.112800 -0.642300
-0.603100 0.466200 -0.647300
0.017300 0.763100 -0.646000
-0.061200 0.742600 -0.666900
0.737300 0.248000 -0.628400
0.551600 0.159600 -0.818700
-0.107000 0.419500 -0.901400
0.165700 0.713600 -0.680700
0.008400 0.709700 -0.704400
0.132800 0.706800 0.694900
0.313800 0.710100 0.630300
-0.721000 0.208100 0.660900
-0.725900 0.130300 -0.675300
-0.299100 0.319700 -0.899000
-0.280700 0.386200 0.878700
-0.078300 -0.730100 -0.678900
0.197700 -0.731300 -0.652800
0.063000 -0.731300 0.679200
-0.214500 -0.730100 0.648900
0.755400 -0.100000 -0.647600
0.640200 0.442600 -0.627900
0.646700 0.410200 0.643000
0.761800 -0.132000 0.634200
0.476200 0.591700 -0.650500
0.721300 -0.203000 -0.662200
0.736400 0.202100 -0.645600
0.734400 0.145300 0.663000
0.719300 -0.260000 0.644300
-0.500300 0.547400 -0.670900
-0.718500 0.263500 -0.643700
-0.674600 0.319400 0.665500
-0.457400 0.602000 0.654500
0.222300 -0.716900 -0.660800
0.487800 -0.562400 -0.667700
0.463900 -0.576300 0.672800
0.197700 -0.731200 0.652800
-0.100000 -0.727600 -0.678700
-0.238200 -0.727600 0.643300
-0.747400 0.149200 -0.647500
-0.668900 -0.396700 -0.628600
-0.673200 -0.364500 0.643400
-0.751600 0.181100 0.634200
-0.616700 -0.445500 -0.649000
-0.646500 -0.424200 0.634100
0.515300 0.531900 0.672000
-0.484200 0.558200 -0.673800
-0.731500 0.274300 -0.624300
-0.670200 0.313600 0.672700
-0.422200 0.630000 0.651800
0.737900 0.253500 -0.625500
0.588500 -0.504600 -0.631700
0.435200 -0.250300 -0.864800
0.767500 -0.051400 -0.639000
0.487000 -0.586800 -0.646900
0.047600 -0.743000 -0.667600
-0.330900 -0.681400 -0.652800
-0.644700 -0.412900 -0.643300
-0.668900 -0.396800 -0.628600
-0.584700 0.505900 -0.634200
-0.454100 0.233000 -0.860000
-0.769100 -0.012500 -0.639000
-0.437500 0.628200 -0.643400
0.369900 0.602700 -0.707100
0.223900 0.729800 -0.646000
0.518000 0.012000 -0.855300
0.749200 -0.199000 -0.631700
0.730000 -0.224600 0.645500
0.501900 -0.009500 0.864900
0.088900 0.728700 -0.679000
-0.005600 0.706900 -0.707300
0.113800 0.707900 0.697100
0.222100 0.731000 0.645300
-0.404600 -0.650000 -0.643200
0.220200 -0.754600 -0.618100
0.185100 -0.748100 0.637300
-0.439200 -0.643600 0.626900
0.633000 0.385800 0.671200
0.378100 -0.467600 -0.799000
0.173000 -0.728000 -0.663400
0.049500 -0.732100 0.679400
0.277700 -0.480300 0.832000
0.721900 0.193300 -0.664500
0.516400 0.576900 -0.632900
0.527100 0.555500 0.643100
0.732100 0.172800 0.658900
0.277000 -0.708700 -0.648800
0.702700 -0.334600 -0.627900
0.668500 -0.364500 0.648200
0.242900 -0.738600 0.628900
0.664600 0.338000 -0.666400
0.325900 0.708400 -0.626000
0.384900 0.641200 0.663800
0.722400 0.272300 0.635600
-0.180800 0.722000 -0.667800
-0.499300 0.574800 -0.648300
-0.476500 0.585200 0.656200
-0.158600 0.732100 0.662400
0.729500 -0.220900 0.647300
0.729500 -0.132300 -0.671100
0.722300 0.272300 -0.635700
0.722300 0.181200 0.667400
-0.040300 -0.764900 -0.642900
-0.587300 -0.490500 -0.643800
-0.730900 0.261900 -0.630300
-0.685200 0.382200 -0.620000
-0.017900 0.763300 -0.645800
-0.106600 0.448400 -0.887500
-0.560400 -0.219100 -0.798700
-0.655300 -0.424700 -0.624700
-0.724000 0.240800 -0.646400
-0.743500 0.185800 -0.642300
-0.409100 0.642100 -0.648300
0.223600 0.672300 -0.705700
0.602500 0.495000 -0.626000
0.730200 -0.250700 -0.635600
0.746100 -0.156200 -0.647300
-0.129600 -0.737100 -0.663200
-0.094800 -0.542100 -0.834900
0.504500 -0.571900 -0.646900
-0.134500 -0.749000 0.648800
0.313500 -0.689600 0.652800
0.726500 0.195100 0.658900
0.512200 0.550900 0.658900
0.052900 0.772500 0.632800
-0.079200 0.778000 0.623300
-0.733200 -0.158300 0.661400
-0.403600 0.156800 0.901400
0.159900 0.605300 0.779800
0.383800 0.676600 0.628400
-0.024200 0.744800 0.666900
-0.685600 0.335600 0.646000
-0.733000 -0.208900 0.647300
-0.380900 -0.665100 0.642300
-0.506000 -0.544000 0.669300
-0.741400 0.158500 -0.652100
-0.709700 -0.280000 -0.646400
-0.711800 -0.252900 0.655300
-0.743500 0.185900 0.642400
0.646000 0.365000 0.670400
-0.532500 -0.184600 0.826100
-0.544300 -0.164500 -0.822600
-0.294700 0.343100 0.891900
-0.514400 -0.237400 -0.824000
-0.340500 0.310600 -0.887500
-0.340700 0.301800 0.890400
-0.693000 -0.300900 -0.655100
-0.352900 -0.696600 -0.624700
-0.370300 -0.674800 0.638400
-0.709700 -0.280000 0.646400
-0.710000 -0.242200 -0.661200
-0.439100 -0.643600 -0.626900
-0.460600 -0.609200 0.645500
-0.730400 -0.209500 0.650000
0.632200 0.429100 -0.645100
0.226400 0.728900 -0.646100
0.259400 0.706200 0.658700
0.666600 0.405400 0.625500
-0.465200 0.576600 -0.671700
-0.700900 0.314400 -0.640200
-0.647800 0.364000 0.669200
-0.415500 0.631300 0.654800
0.521000 -0.544800 -0.657000
0.268400 -0.480400 -0.834900
0.254400 -0.503200 0.825900
0.504400 -0.571800 0.647000
0.082400 -0.761500 0.642900
0.105500 -0.751000 -0.651800
0.504500 -0.571800 -0.647000
0.481500 -0.582300 0.655100
-0.572900 0.482800 0.662400
-0.752200 0.118300 0.648300
-0.743500 0.185800 0.642300
-0.613400 -0.453700 0.646400
0.126300 -0.770600 0.624700
0.146500 -0.583600 0.798700
-0.373000 -0.428700 0.822800
-0.446100 0.115800 0.887500
-0.611400 0.457300 0.645800
-0.685200 0.382200 0.620000
-0.572700 -0.524200 0.630300
0.038300 -0.764200 0.643800
0.548100 -0.535100 0.642900
0.504500 -0.571900 0.646900
0.507300 -0.213300 0.834900
0.622900 -0.414800 0.663200
0.742800 -0.171200 0.647300
0.494900 0.592500 0.635600
-0.162600 0.762600 0.626000
-0.252900 -0.549500 0.796300
-0.214400 -0.568600 -0.794200
-0.550300 -0.178500 0.815700
-0.690500 -0.291100 -0.662200
-0.506000 -0.544000 -0.669400
-0.540500 -0.497900 0.678200
-0.727100 -0.242300 0.642400
0.469800 -0.584600 -0.661400
0.718000 -0.272000 -0.640800
0.691600 -0.286300 0.663100
0.452100 -0.614300 0.646700
0.721000 -0.304900 0.622300
-0.366400 -0.679200 0.636000
-0.229000 -0.709800 -0.666100
-0.244600 -0.548400 -0.799600
-0.359000 -0.539700 0.761400
-0.293700 -0.433900 -0.851700
-0.640600 -0.419300 -0.643300
-0.654900 -0.366100 0.661100
-0.305900 -0.388700 0.869100
0.310100 0.638500 -0.704400
0.635000 0.446600 -0.630300
0.699000 -0.279300 -0.658300
0.711400 -0.315700 -0.627800
0.087200 -0.772600 -0.628900
-0.570700 -0.505700 -0.647000
-0.762600 0.067700 -0.643300
-0.460100 -0.181700 -0.869100
0.069200 -0.427200 -0.901500
0.049400 -0.784600 -0.618100
-0.675800 -0.387700 -0.626900
-0.683700 0.331700 -0.650000
-0.717500 0.180400 -0.672700
-0.380800 -0.665100 0.642300
-0.227700 0.728800 0.645800
-0.254700 0.710100 -0.656400
-0.685100 0.382200 -0.620100
-0.656700 0.401900 0.638100
0.017200 0.763100 -0.646000
0.574100 -0.486200 -0.658900
-0.682000 -0.366100 0.633100
-0.646500 -0.424300 0.634100
-0.119200 -0.755300 0.644400
0.354200 -0.674900 0.647300
0.668800 -0.317200 0.672400
0.758300 0.100000 0.644300
0.502900 0.574800 0.645600
0.443400 0.293100 0.847100
0.735500 0.238300 0.634200
0.251500 0.736600 0.627800
0.209500 0.730500 0.650000
-0.285900 0.689500 0.665500
-0.618400 0.435000 0.654500
-0.759400 -0.094900 0.643600
-0.483400 -0.588300 0.648300
-0.453400 -0.289400 0.843000
-0.709300 0.265700 -0.652900
-0.742500 -0.201000 -0.639000
-0.740400 -0.173500 0.649400
-0.707200 0.292900 0.643400
0.606000 0.464000 -0.646200
0.209500 0.730400 -0.650000
0.242200 0.710000 0.661200
0.640300 0.442500 0.627900
0.717700 0.231100 -0.656900
0.531400 0.008200 -0.847100
0.547200 -0.016400 0.836900
0.736400 0.202100 0.645700
0.251800 -0.708900 -0.658900
0.504700 -0.541300 -0.672500
0.475300 -0.560900 0.677800
0.220800 -0.729500 0.647400
0.547200 0.034500 -0.836300
0.761800 -0.131900 -0.634300
0.742700 -0.163700 0.649300
0.531400 0.008300 0.847100
-0.640600 -0.419200 -0.643300
-0.737400 -0.189600 0.648300
-0.718800 -0.220500 -0.659300
-0.537800 0.000000 -0.843000
-0.553600 0.026300 0.832400
0.179800 0.710300 -0.680600
0.004300 0.708500 -0.705700
0.125200 0.707000 0.696100
0.325800 0.708500 0.626000
-0.763600 0.126900 0.633100
-0.757200 0.096900 -0.646000
-0.646400 -0.424300 -0.634100
-0.652800 -0.394400 0.646700
-0.146300 0.731900 0.665500
-0.170500 0.721800 -0.670800
-0.457400 0.602000 -0.654500
-0.432800 0.612200 0.661700
0.093100 -0.734300 -0.672400
-0.310100 -0.696300 -0.647300
-0.644100 -0.412100 -0.644400
-0.646500 -0.424300 -0.634100
-0.639800 0.435700 -0.633100
-0.475800 0.250900 -0.843000
-0.757800 0.074200 -0.648300
-0.475500 0.599700 -0.643600
-0.020400 0.755800 -0.654500
0.439600 0.553900 -0.707100
0.209500 0.730500 -0.650000
0.715800 0.305700 -0.627800
0.636700 -0.438600 -0.634200
0.467700 -0.252400 -0.847100
0.761600 -0.056700 -0.645600
0.495100 -0.582900 -0.644300
-0.537800 -0.000000 0.843000
-0.553600 -0.026300 -0.832400
-0.763600 0.126900 -0.633100
-0.744500 0.158700 0.648500
490
0 0 1 2 0 1 2 1
0 0 2 3 0 2 3 1
0 4 5 6 4 5 6 1
0 4 6 7 4 6 7 1
0 8 9 10 8 9 10 1
0 8 10 11 8 10 11 1
0 12 13 14 12 13 14 1
0 12 14 15 12 14 15 1
0 16 17 18 16 17 18 1
0 16 18 19 16 18 19 1
0 20 21 22 20 21 22 1
0 20 22 23 20 22 23 1
0 20 23 24 20 23 24 1
0 20 24 25 20 24 25 1
0 20 25 26 20 25 26 1
0 20 26 27 20 26 27 1
0 20 27 28 20 27 28 1
0 20 28 29 20 28 29 1
0 20 29 30 20 29 30 1
0 20 30 31 20 30 31 1
0 20 31 32 20 31 32 1
0 20 32 33 20 32 33 1
0 34 35 36 34 35 36 1
0 34 36 37 34 36 37 1
0 38 39 40 38 39 40 1
0 38 40 41 38 40 41 1
0 42 43 44 42 43 44 1
0 42 44 45 42 44 45 1
0 46 47 30 46 47 48 1
0 46 30 29 46 48 49 1
0 48 49 50 50 51 52 1
0 48 50 51 50 52 53 1
0 52 38 41 54 55 56 1
0 52 41 53 54 56 57 1
0 54 55 0 58 59 60 1
0 54 0 3 58 60 61 1
0 56 57 58 42 43 44 1
0 56 58 59 42 44 45 1
0 60 61 62 62 63 64 1
0 63 64 65 65 66 67 1
0 63 65 66 65 67 68 1
0 11 10 62 69 70 71 1
0 11 62 67 69 71 72 1
0 11 67 42 69 72 73 1
0 11 42 45 69 73 74 1
0 11 45 68 69 74 75 1
0 11 68 69 69 75 76 1
0 11 69 70 69 76 77 1
0 11 70 71 69 77 78 1
0 11 71 72 69 78 79 1
0 73 74 75 80 81 82 1
0 73 75 76 80 82 83 1
0 77 78 79 46 47 48 1
0 77 79 80 46 48 49 1
0 81 82 83 84 85 86 1
0 81 83 84 84 86 87 1
0 85 86 87 88 89 90 1
0 85 87 88 88 90 91 1
0 89 90 91 92 93 94 1
0 89 91 92 92 94 95 1
0 57 93 94 96 97 98 1
0 57 94 86 96 98 99 1
0 57 86 85 96 99 100 1
0 57 85 82 96 100 101 1
0 57 82 81 96 101 102 1
0 57 81 95 96 102 103 1
0 57 95 96 96 103 104 1
0 57 96 97 96 104 105 1
0 57 97 98 96 105 106 1
0 57 98 58 96 106 107 1
0 70 99 100 108 109 103 1
0 70 100 71 108 103 110 1
0 101 102 103 111 112 113 1
0 101 103 104 111 113 114 1
0 98 97 105 115 116 117 1
0 98 105 106 115 117 118 1
0 59 58 98 119 120 121 1
0 59 98 106 119 121 122 1
0 91 107 108 123 124 125 1
0 91 108 92 123 125 126 1
0 109 110 111 34 35 36 1
0 109 111 112 34 36 37 1
0 113 114 115 127 128 129 1
0 113 115 116 127 129 130 1
0 117 118 20 131 132 133 1
0 117 20 33 131 133 134 1
0 119 120 27 0 1 2 1
0 119 27 26 0 2 3 1
0 9 60 62 88 89 90 1
0 9 62 10 88 90 91 1
0 78 12 15 135 136 137 1
0 78 15 79 135 137 138 1
0 121 122 123 139 140 141 1
0 121 123 124 139 141 142 1
0 82 85 88 8 9 10 1
0 82 88 83 8 10 11 1
0 37 36 125 143 144 145 1
0 37 125 126 143 145 146 1
0 114 127 128 147 148 149 1
0 114 128 115 147 149 150 1
0 129 93 57 151 152 153 1
0 129 57 56 151 153 154 1
0 130 131 132 155 156 157 1
0 130 132 133 155 157 158 1
0 95 81 84 159 160 161 1
0 95 84 134 159 161 162 1
0 135 44 43 106 107 96 1
0 135 43 136 106 96 97 1
0 135 136 61 106 97 98 1
0 135 61 60 106 98 99 1
0 135 60 9 106 99 100 1
0 135 9 8 106 100 101 1
0 135 8 137 106 101 102 1
0 135 137 100 106 102 103 1
0 135 100 99 106 103 104 1
0 135 99 138 106 104 105 1
0 105 97 96 163 164 165 1
0 105 96 139 163 165 166 1
0 133 132 7 167 168 169 1
0 133 7 6 167 169 170 1
0 133 6 140 167 170 171 1
0 133 140 141 167 171 172 1
0 133 141 142 167 172 173 1
0 133 142 143 167 173 174 1
0 133 143 144 167 174 175 1
0 133 144 89 167 175 176 1
0 133 89 92 167 176 177 1
0 133 92 108 167 177 178 1
0 133 108 124 167 178 179 1
0 133 124 123 167 179 180 1
0 133 123 145 167 180 181 1
0 146 147 148 182 183 184 1
0 146 148 149 182 184 185 1
0 150 151 152 186 187 188 1
0 150 152 153 186 188 189 1
0 154 155 156 190 191 192 1
0 154 156 157 190 192 193 1
0 158 159 160 194 195 196 1
0 158 160 161 194 196 197 1
0 162 163 164 65 66 67 1
0 162 164 165 65 67 68 1
0 64 166 65 198 199 200 1
0 167 168 169 201 202 203 1
0 167 169 164 201 203 204 1
0 170 113 116 205 206 207 1
0 170 116 171 205 207 208 1
0 172 173 141 209 210 211 1
0 172 141 140 209 211 212 1
0 174 175 176 213 214 215 1
0 174 176 177 213 215 216 1
0 178 179 180 217 218 219 1
0 178 180 181 217 219 220 1
0 182 35 34 221 222 223 1
0 182 34 183 221 223 224 1
0 184 182 183 225 226 227 1
0 184 183 185 225 227 228 1
0 160 159 184 229 230 231 1
0 160 184 185 229 231 232 1
0 112 111 186 143 144 145 1
0 112 186 187 143 145 146 1
0 20 118 188 233 234 235 1
0 20 188 21 233 235 236 1
0 131 4 7 237 238 239 1
0 131 7 132 237 239 240 1
0 189 102 101 241 242 243 1
0 189 101 190 241 243 244 1
0 189 190 166 241 244 245 1
0 189 166 64 241 245 246 1
0 189 64 63 241 246 247 1
0 189 63 191 241 247 248 1
0 189 191 192 241 248 249 1
0 189 192 186 241 249 250 1
0 189 186 111 241 250 251 1
0 189 111 110 241 251 252 1
0 189 110 193 241 252 253 1
0 189 193 194 241 253 254 1
0 189 194 195 241 254 255 1
0 189 195 196 241 255 256 1
0 197 198 25 257 258 259 1
0 197 25 24 257 259 260 1
0 156 155 158 261 262 263 1
0 156 158 161 261 263 264 1
0 191 63 66 265 266 267 1
0 191 66 199 265 267 268 1
0 45 44 135 119 120 121 1
0 45 135 68 119 121 122 1
0 200 201 202 269 270 271 1
0 200 202 203 269 271 272 1
0 204 154 157 273 112 113 1
0 204 157 205 273 113 114 1
0 147 206 207 274 275 276 1
0 147 207 148 274 276 277 1
0 208 16 19 278 279 280 1
0 208 19 209 278 280 281 1
0 210 130 133 282 283 284 1
0 210 133 145 282 284 285 1
0 196 195 211 194 195 196 1
0 196 211 212 194 196 197 1
0 122 210 145 286 266 267 1
0 122 145 123 286 267 287 1
0 213 214 215 233 234 235 1
0 213 215 216 233 235 236 1
0 107 121 124 288 289 290 1
0 107 124 108 288 290 291 1
0 217 175 174 292 44 45 1
0 217 174 218 292 45 293 1
0 25 198 119 58 59 60 1
0 25 119 26 58 60 61 1
0 219 213 216 33 20 21 1
0 219 216 53 33 21 22 1
0 219 53 41 33 22 294 1
0 219 41 40 33 294 24 1
0 219 40 54 33 24 25 1
0 219 54 3 33 25 26 1
0 219 3 2 33 26 27 1
0 219 2 220 33 27 28 1
0 219 220 80 33 28 29 1
0 219 80 79 33 29 30 1
0 219 79 15 33 30 31 1
0 219 15 14 33 31 32 1
0 166 190 221 201 202 203 1
0 166 221 65 201 203 204 1
0 39 55 54 257 258 259 1
0 39 54 40 257 259 260 1
0 86 94 87 62 63 64 1
0 61 136 67 295 296 297 1
0 61 67 62 295 297 298 1
0 173 172 5 299 300 301 1
0 173 5 4 299 301 302 1
0 173 4 131 299 302 303 1
0 173 131 130 299 303 304 1
0 173 130 210 299 304 305 1
0 173 210 122 299 305 306 1
0 173 122 121 299 306 307 1
0 173 121 107 299 307 308 1
0 173 107 91 299 308 309 1
0 173 91 90 299 309 310 1
0 173 90 222 299 310 311 1
0 173 222 223 299 311 312 1
0 173 223 224 299 312 313 1
0 5 172 140 314 315 316 1
0 5 140 6 314 316 317 1
0 224 223 143 318 319 320 1
0 224 143 142 318 320 321 1
0 225 189 196 261 262 263 1
0 225 196 212 261 263 264 1
0 226 46 29 322 323 324 1
0 226 29 28 322 324 325 1
0 56 59 106 73 74 75 1
0 56 106 105 73 75 76 1
0 56 105 139 73 76 77 1
0 56 139 134 73 77 78 1
0 56 134 84 73 78 79 1
0 56 84 83 73 79 69 1
0 56 83 88 73 69 70 1
0 56 88 87 73 70 71 1
0 56 87 129 73 71 72 1
0 227 197 24 38 39 40 1
0 227 24 23 38 40 326 1
0 228 229 230 327 328 329 1
0 228 230 231 327 329 330 1
0 190 101 104 331 332 333 1
0 190 104 221 331 333 334 1
0 188 232 22 335 336 337 1
0 188 22 21 335 337 338 1
0 233 234 235 339 340 341 1
0 233 235 236 339 341 342 1
0 237 179 178 343 344 345 1
0 237 178 238 343 345 346 1
0 239 240 233 347 348 349 1
0 239 233 236 347 349 350 1
0 127 114 113 351 352 353 1
0 127 113 170 351 353 354 1
0 127 170 151 351 354 355 1
0 127 151 150 351 355 356 1
0 127 150 241 351 356 357 1
0 127 241 242 351 357 358 1
0 127 242 243 351 358 359 1
0 127 243 180 351 359 360 1
0 127 180 179 351 360 361 1
0 127 179 237 351 361 362 1
0 127 237 234 351 362 363 1
0 127 234 233 351 363 364 1
0 127 233 240 351 364 365 1
0 127 240 229 351 365 366 1
0 127 229 228 351 366 367 1
0 127 228 244 351 367 368 1
0 199 66 65 369 370 371 1
0 199 65 221 369 371 372 1
0 199 221 104 369 372 373 1
0 199 104 103 369 373 374 1
0 199 103 225 369 374 375 1
0 199 225 212 369 375 376 1
0 199 212 211 369 376 377 1
0 199 211 245 369 377 378 1
0 199 245 246 369 378 379 1
0 199 246 109 369 379 380 1
0 199 109 112 369 380 381 1
0 199 112 187 369 381 382 1
0 199 187 247 369 382 383 1
0 180 243 248 384 385 386 1
0 180 248 181 384 386 387 1
0 102 189 225 190 191 192 1
0 102 225 103 190 192 193 1
0 137 8 11 84 85 388 1
0 137 11 72 84 388 87 1
0 249 241 153 389 390 391 1
0 241 150 153 392 393 394 1
0 243 242 250 395 396 397 1
0 243 250 248 395 397 398 1
0 67 136 43 151 152 153 1
0 67 43 42 151 153 154 1
0 1 251 220 399 400 401 1
0 1 220 2 399 401 402 1
0 252 253 32 12 13 14 1
0 252 32 31 12 14 15 1
0 173 224 142 403 404 405 1
0 173 142 141 403 405 406 1
0 223 222 144 407 408 409 1
0 223 144 143 407 409 410 1
0 193 110 109 221 222 223 1
0 193 109 246 221 223 224 1
0 244 228 231 411 412 413 1
0 244 231 254 411 413 414 1
0 168 204 205 331 332 333 1
0 168 205 169 331 333 334 1
0 128 127 244 415 416 417 1
0 128 244 254 415 417 418 1
0 238 178 181 419 420 421 1
0 238 181 248 419 421 422 1
0 238 248 250 419 422 423 1
0 238 250 255 419 423 424 1
0 238 255 249 419 424 425 1
0 238 249 153 419 425 426 1
0 238 153 152 419 426 427 1
0 238 152 171 419 427 428 1
0 238 171 116 419 428 429 1
0 238 116 115 419 429 430 1
0 238 115 128 419 430 431 1
0 238 128 254 419 431 432 1
0 238 254 231 419 432 433 1
0 238 231 230 419 433 434 1
0 238 230 239 419 434 435 1
0 238 239 236 419 435 436 1
0 238 236 235 419 436 437 1
0 69 138 99 163 164 165 1
0 69 99 70 163 165 166 1
0 255 241 249 438 439 440 1
0 47 252 31 135 136 137 1
0 47 31 30 135 137 138 1
0 186 192 247 441 442 443 1
0 186 247 187 441 443 444 1
0 229 240 239 445 446 447 1
0 229 239 230 445 447 448 1
0 232 227 23 54 55 56 1
0 232 23 22 54 56 449 1
0 194 193 246 225 226 227 1
0 194 246 245 225 227 228 1
0 163 167 164 198 199 200 1
0 250 242 241 450 451 452 1
0 250 241 255 450 452 453 1
0 253 117 33 454 455 456 1
0 253 33 32 454 456 457 1
0 198 197 227 458 459 460 1
0 198 227 232 458 460 461 1
0 198 232 188 458 461 462 1
0 198 188 118 458 462 463 1
0 198 118 117 458 463 464 1
0 198 117 253 458 464 465 1
0 198 253 252 458 465 466 1
0 198 252 47 458 466 47 1
0 198 47 46 458 47 467 1
0 198 46 226 458 467 468 1
0 198 226 120 458 468 469 1
0 198 120 119 458 469 470 1
0 164 169 205 371 372 373 1
0 164 205 157 371 373 374 1
0 164 157 156 371 374 375 1
0 164 156 161 371 375 376 1
0 164 161 160 371 376 377 1
0 164 160 185 371 377 378 1
0 164 185 183 371 378 379 1
0 164 183 34 371 379 380 1
0 164 34 37 371 380 381 1
0 164 37 126 371 381 471 1
0 164 126 51 371 471 383 1
0 164 51 50 371 383 369 1
0 164 50 165 371 369 370 1
0 152 151 170 472 473 474 1
0 152 170 171 472 474 475 1
0 94 93 129 295 296 297 1
0 94 129 87 295 297 298 1
0 135 138 69 115 116 117 1
0 135 69 68 115 117 118 1
0 49 162 165 265 266 267 1
0 49 165 50 265 267 268 1
0 192 191 199 50 51 52 1
0 192 199 247 50 52 53 1
0 125 36 35 250 251 476 1
0 125 35 182 250 476 253 1
0 125 182 184 250 253 254 1
0 125 184 159 250 254 255 1
0 125 159 158 250 255 256 1
0 125 158 155 250 256 241 1
0 125 155 154 250 241 242 1
0 125 154 204 250 242 243 1
0 125 204 168 250 243 244 1
0 125 168 167 250 244 477 1
0 125 167 163 250 477 246 1
0 125 163 162 250 246 247 1
0 125 162 49 250 247 248 1
0 125 49 48 250 248 249 1
0 211 195 194 229 230 231 1
0 211 194 245 229 231 232 1
0 256 214 213 131 132 133 1
0 256 213 219 131 133 134 1
0 251 77 80 322 323 324 1
0 251 80 220 322 324 325 1
0 257 218 174 478 479 480 1
0 257 174 177 478 480 481 1
0 257 177 149 478 481 482 1
0 257 149 148 478 482 483 1
0 257 148 207 478 483 484 1
0 257 207 258 478 484 485 1
0 257 258 203 478 485 486 1
0 257 203 202 478 486 487 1
0 257 202 76 478 487 488 1
0 257 76 75 478 488 489 1
0 257 75 209 478 489 490 1
0 257 209 19 478 490 491 1
0 257 19 18 478 491 492 1
0 257 18 259 478 492 493 1
0 139 96 95 108 109 103 1
0 139 95 134 108 103 110 1
0 100 137 72 159 160 161 1
0 100 72 71 159 161 162 1
0 222 90 89 494 495 496 1
0 222 89 144 494 496 497 1
0 201 73 76 498 499 500 1
0 201 76 202 498 500 501 1
0 206 260 258 502 503 504 1
0 206 258 207 502 504 505 1
0 125 48 51 441 442 443 1
0 125 51 126 441 443 444 1
0 176 146 149 506 507 508 1
0 176 149 177 506 508 509 1
0 260 200 203 510 511 512 1
0 260 203 258 510 512 513 1
0 13 256 219 454 514 456 1
0 13 219 14 454 456 457 1
0 18 17 261 515 516 517 1
0 18 261 259 515 517 518 1
0 256 13 12 464 465 466 1
0 256 12 78 464 466 47 1
0 256 78 77 464 47 467 1
0 256 77 251 464 467 468 1
0 256 251 1 464 468 469 1
0 256 1 0 464 469 470 1
0 256 0 55 464 470 458 1
0 256 55 39 464 458 459 1
0 256 39 38 464 459 460 1
0 256 38 52 464 460 461 1
0 256 52 215 464 461 462 1
0 256 215 214 464 462 463 1
0 234 237 238 519 520 521 1
0 234 238 235 519 521 522 1
0 215 52 53 335 336 337 1
0 215 53 216 335 337 338 1
0 257 262 217 523 524 525 1
0 257 217 218 523 525 526 1
0 75 74 208 527 528 529 1
0 75 208 209 527 529 530 1
0 146 176 175 531 532 533 1
0 146 175 217 531 533 534 1
0 146 217 262 531 534 535 1
0 146 262 261 531 535 536 1
0 146 261 17 531 536 537 1
0 146 17 16 531 537 538 1
0 146 16 208 531 538 539 1
0 146 208 74 531 539 540 1
0 146 74 73 531 540 541 1
0 146 73 201 531 541 542 1
0 146 201 200 531 542 543 1
0 146 200 260 531 543 544 1
0 146 260 206 531 544 545 1
0 146 206 147 531 545 546 1
0 120 226 28 399 400 401 1
0 120 28 27 399 401 402 1
0 259 261 262 547 548 549 1
0 259 262 257 547 549 550 1

Materials: 1
"Material_0.002"
1.000000 1.000000 1.000000 1.000000
0.800000 0.800000 0.800000 1.000000
0.500000 0.500000 0.500000 1.000000
1.000000 1.000000 1.000000 1.000000
0.185600
1.000000
"ScreenTitleMenu supertext.png"
""

Bones: 0
GroupComments: 0
MaterialComments: 0
BoneComments: 0
ModelComment: 0
