// MilkShape 3D ASCII
// Converted from .obj with obj2ms3dascii.lua by FMS_Cat
// https://github.com/FMS-Cat/obj2ms3dascii
Frames: 30
Frame: 1
Meshes: 4
"Outline_Plane" 0 3
91
0 0 -30.5 0.066619 0.125 0.5 -1
0 0 -27.800001 -0.011108 0.125 0.5 -1
0 31.9 1.4 0.066624 0.125 0.5 -1
0 0 -27.800001 -0.011108 0.125 0.5 -1
0 29.1 1.4 -0.011105 0.125 0.5 -1
0 31.9 1.4 0.066624 0.125 0.5 -1
0 31.9 1.4 0.066624 0.125 0.5 -1
0 29.1 1.4 -0.011105 0.125 0.5 -1
0 19.006739 14.3 0.066625 0.125 0.5 -1
0 19 11.5 -0.011103 0.125 0.5 -1
0 19.006739 14.3 0.066625 0.125 0.5 -1
0 19 11.5 -0.011103 0.125 0.5 -1
0 10.99234 6.3 0.066624 0.125 0.5 -1
0 19 11.5 -0.011103 0.125 0.5 -1
0 9.1 1.7 -0.011105 0.125 0.5 -1
0 10.99234 6.3 0.066624 0.125 0.5 -1
0 10.99234 6.3 0.066624 0.125 0.5 -1
0 9.1 1.7 -0.011105 0.125 0.5 -1
0 11 30.5 0.066628 0.125 0.5 -1
0 9.1 1.7 -0.011105 0.125 0.5 -1
0 9.1 28.6 -0.011101 0.125 0.5 -1
0 11 30.5 0.066628 0.125 0.5 -1
0 11 30.5 0.066628 0.125 0.5 -1
0 9.1 28.6 -0.011101 0.125 0.5 -1
0 -11 30.5 0.066628 0.125 0.5 -1
0 -9.1 28.6 -0.011101 0.125 0.5 -1
0 -11 30.5 0.066628 0.125 0.5 -1
0 -9.1 28.6 -0.011101 0.125 0.5 -1
0 -11 6.3 0.066624 0.125 0.5 -1
0 -9.1 1.6 -0.011105 0.125 0.5 -1
0 -11 6.3 0.066624 0.125 0.5 -1
0 -9.1 1.6 -0.011105 0.125 0.5 -1
0 -19 14.3 0.066626 0.125 0.5 -1
0 -9.1 1.6 -0.011105 0.125 0.5 -1
0 -18.999928 11.501 -0.011103 0.125 0.5 -1
0 -19 14.3 0.066626 0.125 0.5 -1
0 -19 14.3 0.066626 0.125 0.5 -1
0 -18.999928 11.501 -0.011103 0.125 0.5 -1
0 -31.9 1.4 0.066624 0.125 0.5 -1
0 -29.1 1.4 -0.011104 0.125 0.5 -1
0 0 -27.800001 -0.011108 0.125 0.5 -1
0 -31.9 1.4 0.066624 0.125 0.5 -1
0 -29.1 1.4 -0.011104 0.125 0.5 -1
0 -31.9 1.4 0.066624 0.125 0.5 -1
0 0 -27.800001 -0.011108 0.125 0.5 -1
0 0 -30.5 0.066619 0.125 0.5 -1
0 0 -27.800001 -0.011108 0.375 0.5 -1
0 0 -23.700001 -0.011108 0.375 0.5 -1
0 29.1 1.4 -0.011105 0.375 0.5 -1
0 25.1 1.4 -0.011105 0.375 0.5 -1
0 19 11.5 -0.011103 0.375 0.5 -1
0 19 7.5 -0.011104 0.375 0.5 -1
0 9.1 1.7 -0.011105 0.375 0.5 -1
0 6.1 -5.4 -0.011105 0.375 0.5 -1
0 9.1 28.6 -0.011101 0.375 0.5 -1
0 6.097386 25.605639 -0.011101 0.375 0.5 -1
0 -9.1 28.6 -0.011101 0.375 0.5 -1
0 -6.105899 25.605333 -0.011101 0.375 0.5 -1
0 -9.1 1.6 -0.011105 0.375 0.5 -1
0 -6.107126 -5.4 -0.011105 0.375 0.5 -1
0 -18.999928 11.501 -0.011103 0.375 0.5 -1
0 -18.993473 7.5 -0.011104 0.375 0.5 -1
0 -29.1 1.4 -0.011104 0.375 0.5 -1
0 -25.1 1.4 -0.011105 0.375 0.5 -1
0 25.1 1.4 -0.011105 0.625 0.5 -1
0 0 -23.700001 -0.011108 0.625 0.5 -1
0 0 -22.4 -0.011108 0.625 0.5 -1
0 23.800001 1.4 -0.011105 0.625 0.5 -1
0 19 7.5 -0.011104 0.625 0.5 -1
0 19 6.2 -0.011104 0.625 0.5 -1
0 6.1 -5.4 -0.011105 0.625 0.5 -1
0 5.2 -7.6 -0.011106 0.625 0.5 -1
0 6.097386 25.605639 -0.011101 0.625 0.5 -1
0 5.2 24.700001 -0.011101 0.625 0.5 -1
0 -6.105899 25.605333 -0.011101 0.625 0.5 -1
0 -5.2 24.700001 -0.011101 0.625 0.5 -1
0 -6.107126 -5.4 -0.011105 0.625 0.5 -1
0 -5.2 -7.6 -0.011106 0.625 0.5 -1
0 -18.993473 7.5 -0.011104 0.625 0.5 -1
0 -19 6.2 -0.011104 0.625 0.5 -1
0 -25.1 1.4 -0.011105 0.625 0.5 -1
0 -23.800001 1.4 -0.011105 0.625 0.5 -1
0 -5.2 24.700001 -0.011101 0.875 0.5 -1
0 5.2 24.700001 -0.011101 0.875 0.5 -1
0 -5.2 -7.6 -0.011106 0.875 0.5 -1
0 5.2 -7.6 -0.011106 0.875 0.5 -1
0 19 6.2 -0.011104 0.875 0.5 -1
0 23.800001 1.4 -0.011105 0.875 0.5 -1
0 0 -22.4 -0.011108 0.875 0.5 -1
0 -23.800001 1.4 -0.011105 0.875 0.5 -1
0 -19 6.2 -0.011104 0.875 0.5 -1
16
0.0288 -0.0288 -0.9992
0.0277 -0.0276 -0.9992
0.0277 0.0277 -0.9992
-0.0278 0.0278 -0.9992
-0.0282 0.0285 -0.9992
0.0411 0 -0.9992
0.0409 0 -0.9992
0 0.0409 -0.9992
-0.0409 0 -0.9992
0.0278 0.0277 -0.9992
-0.0277 0.0277 -0.9992
-0.0277 -0.0276 -0.9992
-0.0288 -0.0288 -0.9992
0 0 -1
0 0 -1
0 0 -1
18
0 0 1 2 0 0 0 1
0 3 4 5 1 1 1 1
0 6 7 8 2 2 2 1
0 7 9 8 2 2 2 1
0 10 11 12 3 3 3 1
0 13 14 15 4 4 4 1
0 16 17 18 5 5 5 1
0 19 20 21 6 6 6 1
0 22 23 24 7 7 7 1
0 23 25 24 7 7 7 1
0 26 27 28 8 8 8 1
0 27 29 28 8 8 8 1
0 30 31 32 2 2 2 1
0 33 34 35 9 9 9 1
0 36 37 38 10 10 10 1
0 37 39 38 10 10 10 1
0 40 41 42 11 11 11 1
0 43 44 45 12 12 12 1
"Midline_Plane.001" 0 2
91
0 0 -30.5 0.066619 0.125 0.5 -1
0 0 -27.800001 -0.011108 0.125 0.5 -1
0 31.9 1.4 0.066624 0.125 0.5 -1
0 0 -27.800001 -0.011108 0.125 0.5 -1
0 29.1 1.4 -0.011105 0.125 0.5 -1
0 31.9 1.4 0.066624 0.125 0.5 -1
0 31.9 1.4 0.066624 0.125 0.5 -1
0 29.1 1.4 -0.011105 0.125 0.5 -1
0 19.006739 14.3 0.066625 0.125 0.5 -1
0 19 11.5 -0.011103 0.125 0.5 -1
0 19.006739 14.3 0.066625 0.125 0.5 -1
0 19 11.5 -0.011103 0.125 0.5 -1
0 10.99234 6.3 0.066624 0.125 0.5 -1
0 19 11.5 -0.011103 0.125 0.5 -1
0 9.1 1.7 -0.011105 0.125 0.5 -1
0 10.99234 6.3 0.066624 0.125 0.5 -1
0 10.99234 6.3 0.066624 0.125 0.5 -1
0 9.1 1.7 -0.011105 0.125 0.5 -1
0 11 30.5 0.066628 0.125 0.5 -1
0 9.1 1.7 -0.011105 0.125 0.5 -1
0 9.1 28.6 -0.011101 0.125 0.5 -1
0 11 30.5 0.066628 0.125 0.5 -1
0 11 30.5 0.066628 0.125 0.5 -1
0 9.1 28.6 -0.011101 0.125 0.5 -1
0 -11 30.5 0.066628 0.125 0.5 -1
0 -9.1 28.6 -0.011101 0.125 0.5 -1
0 -11 30.5 0.066628 0.125 0.5 -1
0 -9.1 28.6 -0.011101 0.125 0.5 -1
0 -11 6.3 0.066624 0.125 0.5 -1
0 -9.1 1.6 -0.011105 0.125 0.5 -1
0 -11 6.3 0.066624 0.125 0.5 -1
0 -9.1 1.6 -0.011105 0.125 0.5 -1
0 -19 14.3 0.066626 0.125 0.5 -1
0 -9.1 1.6 -0.011105 0.125 0.5 -1
0 -18.999928 11.501 -0.011103 0.125 0.5 -1
0 -19 14.3 0.066626 0.125 0.5 -1
0 -19 14.3 0.066626 0.125 0.5 -1
0 -18.999928 11.501 -0.011103 0.125 0.5 -1
0 -31.9 1.4 0.066624 0.125 0.5 -1
0 -29.1 1.4 -0.011104 0.125 0.5 -1
0 0 -27.800001 -0.011108 0.125 0.5 -1
0 -31.9 1.4 0.066624 0.125 0.5 -1
0 -29.1 1.4 -0.011104 0.125 0.5 -1
0 -31.9 1.4 0.066624 0.125 0.5 -1
0 0 -27.800001 -0.011108 0.125 0.5 -1
0 0 -30.5 0.066619 0.125 0.5 -1
0 0 -27.800001 -0.011108 0.375 0.5 -1
0 0 -23.700001 -0.011108 0.375 0.5 -1
0 29.1 1.4 -0.011105 0.375 0.5 -1
0 25.1 1.4 -0.011105 0.375 0.5 -1
0 19 11.5 -0.011103 0.375 0.5 -1
0 19 7.5 -0.011104 0.375 0.5 -1
0 9.1 1.7 -0.011105 0.375 0.5 -1
0 6.1 -5.4 -0.011105 0.375 0.5 -1
0 9.1 28.6 -0.011101 0.375 0.5 -1
0 6.097386 25.605639 -0.011101 0.375 0.5 -1
0 -9.1 28.6 -0.011101 0.375 0.5 -1
0 -6.105899 25.605333 -0.011101 0.375 0.5 -1
0 -9.1 1.6 -0.011105 0.375 0.5 -1
0 -6.107126 -5.4 -0.011105 0.375 0.5 -1
0 -18.999928 11.501 -0.011103 0.375 0.5 -1
0 -18.993473 7.5 -0.011104 0.375 0.5 -1
0 -29.1 1.4 -0.011104 0.375 0.5 -1
0 -25.1 1.4 -0.011105 0.375 0.5 -1
0 25.1 1.4 -0.011105 0.625 0.5 -1
0 0 -23.700001 -0.011108 0.625 0.5 -1
0 0 -22.4 -0.011108 0.625 0.5 -1
0 23.800001 1.4 -0.011105 0.625 0.5 -1
0 19 7.5 -0.011104 0.625 0.5 -1
0 19 6.2 -0.011104 0.625 0.5 -1
0 6.1 -5.4 -0.011105 0.625 0.5 -1
0 5.2 -7.6 -0.011106 0.625 0.5 -1
0 6.097386 25.605639 -0.011101 0.625 0.5 -1
0 5.2 24.700001 -0.011101 0.625 0.5 -1
0 -6.105899 25.605333 -0.011101 0.625 0.5 -1
0 -5.2 24.700001 -0.011101 0.625 0.5 -1
0 -6.107126 -5.4 -0.011105 0.625 0.5 -1
0 -5.2 -7.6 -0.011106 0.625 0.5 -1
0 -18.993473 7.5 -0.011104 0.625 0.5 -1
0 -19 6.2 -0.011104 0.625 0.5 -1
0 -25.1 1.4 -0.011105 0.625 0.5 -1
0 -23.800001 1.4 -0.011105 0.625 0.5 -1
0 -5.2 24.700001 -0.011101 0.875 0.5 -1
0 5.2 24.700001 -0.011101 0.875 0.5 -1
0 -5.2 -7.6 -0.011106 0.875 0.5 -1
0 5.2 -7.6 -0.011106 0.875 0.5 -1
0 19 6.2 -0.011104 0.875 0.5 -1
0 23.800001 1.4 -0.011105 0.875 0.5 -1
0 0 -22.4 -0.011108 0.875 0.5 -1
0 -23.800001 1.4 -0.011105 0.875 0.5 -1
0 -19 6.2 -0.011104 0.875 0.5 -1
16
0.0288 -0.0288 -0.9992
0.0277 -0.0276 -0.9992
0.0277 0.0277 -0.9992
-0.0278 0.0278 -0.9992
-0.0282 0.0285 -0.9992
0.0411 0 -0.9992
0.0409 0 -0.9992
0 0.0409 -0.9992
-0.0409 0 -0.9992
0.0278 0.0277 -0.9992
-0.0277 0.0277 -0.9992
-0.0277 -0.0276 -0.9992
-0.0288 -0.0288 -0.9992
0 0 -1
0 0 -1
0 0 -1
18
0 46 47 48 13 13 13 1
0 47 49 48 13 13 13 1
0 48 49 50 13 13 13 1
0 49 51 50 13 13 13 1
0 50 51 52 13 13 13 1
0 51 53 52 13 13 13 1
0 52 53 54 13 13 13 1
0 53 55 54 13 13 13 1
0 54 55 56 13 13 13 1
0 55 57 56 13 13 13 1
0 56 57 58 13 13 13 1
0 57 59 58 13 13 13 1
0 58 59 60 13 13 13 1
0 59 61 60 13 13 13 1
0 60 61 62 13 13 13 1
0 61 63 62 13 13 13 1
0 47 62 63 13 13 13 1
0 62 47 46 13 13 13 1
"Inline_Plane.002" 0 1
91
0 0 -30.5 0.066619 0.125 0.5 -1
0 0 -27.800001 -0.011108 0.125 0.5 -1
0 31.9 1.4 0.066624 0.125 0.5 -1
0 0 -27.800001 -0.011108 0.125 0.5 -1
0 29.1 1.4 -0.011105 0.125 0.5 -1
0 31.9 1.4 0.066624 0.125 0.5 -1
0 31.9 1.4 0.066624 0.125 0.5 -1
0 29.1 1.4 -0.011105 0.125 0.5 -1
0 19.006739 14.3 0.066625 0.125 0.5 -1
0 19 11.5 -0.011103 0.125 0.5 -1
0 19.006739 14.3 0.066625 0.125 0.5 -1
0 19 11.5 -0.011103 0.125 0.5 -1
0 10.99234 6.3 0.066624 0.125 0.5 -1
0 19 11.5 -0.011103 0.125 0.5 -1
0 9.1 1.7 -0.011105 0.125 0.5 -1
0 10.99234 6.3 0.066624 0.125 0.5 -1
0 10.99234 6.3 0.066624 0.125 0.5 -1
0 9.1 1.7 -0.011105 0.125 0.5 -1
0 11 30.5 0.066628 0.125 0.5 -1
0 9.1 1.7 -0.011105 0.125 0.5 -1
0 9.1 28.6 -0.011101 0.125 0.5 -1
0 11 30.5 0.066628 0.125 0.5 -1
0 11 30.5 0.066628 0.125 0.5 -1
0 9.1 28.6 -0.011101 0.125 0.5 -1
0 -11 30.5 0.066628 0.125 0.5 -1
0 -9.1 28.6 -0.011101 0.125 0.5 -1
0 -11 30.5 0.066628 0.125 0.5 -1
0 -9.1 28.6 -0.011101 0.125 0.5 -1
0 -11 6.3 0.066624 0.125 0.5 -1
0 -9.1 1.6 -0.011105 0.125 0.5 -1
0 -11 6.3 0.066624 0.125 0.5 -1
0 -9.1 1.6 -0.011105 0.125 0.5 -1
0 -19 14.3 0.066626 0.125 0.5 -1
0 -9.1 1.6 -0.011105 0.125 0.5 -1
0 -18.999928 11.501 -0.011103 0.125 0.5 -1
0 -19 14.3 0.066626 0.125 0.5 -1
0 -19 14.3 0.066626 0.125 0.5 -1
0 -18.999928 11.501 -0.011103 0.125 0.5 -1
0 -31.9 1.4 0.066624 0.125 0.5 -1
0 -29.1 1.4 -0.011104 0.125 0.5 -1
0 0 -27.800001 -0.011108 0.125 0.5 -1
0 -31.9 1.4 0.066624 0.125 0.5 -1
0 -29.1 1.4 -0.011104 0.125 0.5 -1
0 -31.9 1.4 0.066624 0.125 0.5 -1
0 0 -27.800001 -0.011108 0.125 0.5 -1
0 0 -30.5 0.066619 0.125 0.5 -1
0 0 -27.800001 -0.011108 0.375 0.5 -1
0 0 -23.700001 -0.011108 0.375 0.5 -1
0 29.1 1.4 -0.011105 0.375 0.5 -1
0 25.1 1.4 -0.011105 0.375 0.5 -1
0 19 11.5 -0.011103 0.375 0.5 -1
0 19 7.5 -0.011104 0.375 0.5 -1
0 9.1 1.7 -0.011105 0.375 0.5 -1
0 6.1 -5.4 -0.011105 0.375 0.5 -1
0 9.1 28.6 -0.011101 0.375 0.5 -1
0 6.097386 25.605639 -0.011101 0.375 0.5 -1
0 -9.1 28.6 -0.011101 0.375 0.5 -1
0 -6.105899 25.605333 -0.011101 0.375 0.5 -1
0 -9.1 1.6 -0.011105 0.375 0.5 -1
0 -6.107126 -5.4 -0.011105 0.375 0.5 -1
0 -18.999928 11.501 -0.011103 0.375 0.5 -1
0 -18.993473 7.5 -0.011104 0.375 0.5 -1
0 -29.1 1.4 -0.011104 0.375 0.5 -1
0 -25.1 1.4 -0.011105 0.375 0.5 -1
0 25.1 1.4 -0.011105 0.625 0.5 -1
0 0 -23.700001 -0.011108 0.625 0.5 -1
0 0 -22.4 -0.011108 0.625 0.5 -1
0 23.800001 1.4 -0.011105 0.625 0.5 -1
0 19 7.5 -0.011104 0.625 0.5 -1
0 19 6.2 -0.011104 0.625 0.5 -1
0 6.1 -5.4 -0.011105 0.625 0.5 -1
0 5.2 -7.6 -0.011106 0.625 0.5 -1
0 6.097386 25.605639 -0.011101 0.625 0.5 -1
0 5.2 24.700001 -0.011101 0.625 0.5 -1
0 -6.105899 25.605333 -0.011101 0.625 0.5 -1
0 -5.2 24.700001 -0.011101 0.625 0.5 -1
0 -6.107126 -5.4 -0.011105 0.625 0.5 -1
0 -5.2 -7.6 -0.011106 0.625 0.5 -1
0 -18.993473 7.5 -0.011104 0.625 0.5 -1
0 -19 6.2 -0.011104 0.625 0.5 -1
0 -25.1 1.4 -0.011105 0.625 0.5 -1
0 -23.800001 1.4 -0.011105 0.625 0.5 -1
0 -5.2 24.700001 -0.011101 0.875 0.5 -1
0 5.2 24.700001 -0.011101 0.875 0.5 -1
0 -5.2 -7.6 -0.011106 0.875 0.5 -1
0 5.2 -7.6 -0.011106 0.875 0.5 -1
0 19 6.2 -0.011104 0.875 0.5 -1
0 23.800001 1.4 -0.011105 0.875 0.5 -1
0 0 -22.4 -0.011108 0.875 0.5 -1
0 -23.800001 1.4 -0.011105 0.875 0.5 -1
0 -19 6.2 -0.011104 0.875 0.5 -1
16
0.0288 -0.0288 -0.9992
0.0277 -0.0276 -0.9992
0.0277 0.0277 -0.9992
-0.0278 0.0278 -0.9992
-0.0282 0.0285 -0.9992
0.0411 0 -0.9992
0.0409 0 -0.9992
0 0.0409 -0.9992
-0.0409 0 -0.9992
0.0278 0.0277 -0.9992
-0.0277 0.0277 -0.9992
-0.0277 -0.0276 -0.9992
-0.0288 -0.0288 -0.9992
0 0 -1
0 0 -1
0 0 -1
18
0 64 65 66 14 14 14 1
0 67 64 66 14 14 14 1
0 64 67 68 14 14 14 1
0 67 69 68 14 14 14 1
0 68 69 70 14 14 14 1
0 69 71 70 14 14 14 1
0 70 71 72 14 14 14 1
0 71 73 72 14 14 14 1
0 72 73 74 14 14 14 1
0 73 75 74 14 14 14 1
0 74 75 76 14 14 14 1
0 75 77 76 14 14 14 1
0 76 77 78 14 14 14 1
0 77 79 78 14 14 14 1
0 78 79 80 14 14 14 1
0 79 81 80 14 14 14 1
0 66 80 81 14 14 14 1
0 80 66 65 14 14 14 1
"Center_Plane.003" 0 0
91
0 0 -30.5 0.066619 0.125 0.5 -1
0 0 -27.800001 -0.011108 0.125 0.5 -1
0 31.9 1.4 0.066624 0.125 0.5 -1
0 0 -27.800001 -0.011108 0.125 0.5 -1
0 29.1 1.4 -0.011105 0.125 0.5 -1
0 31.9 1.4 0.066624 0.125 0.5 -1
0 31.9 1.4 0.066624 0.125 0.5 -1
0 29.1 1.4 -0.011105 0.125 0.5 -1
0 19.006739 14.3 0.066625 0.125 0.5 -1
0 19 11.5 -0.011103 0.125 0.5 -1
0 19.006739 14.3 0.066625 0.125 0.5 -1
0 19 11.5 -0.011103 0.125 0.5 -1
0 10.99234 6.3 0.066624 0.125 0.5 -1
0 19 11.5 -0.011103 0.125 0.5 -1
0 9.1 1.7 -0.011105 0.125 0.5 -1
0 10.99234 6.3 0.066624 0.125 0.5 -1
0 10.99234 6.3 0.066624 0.125 0.5 -1
0 9.1 1.7 -0.011105 0.125 0.5 -1
0 11 30.5 0.066628 0.125 0.5 -1
0 9.1 1.7 -0.011105 0.125 0.5 -1
0 9.1 28.6 -0.011101 0.125 0.5 -1
0 11 30.5 0.066628 0.125 0.5 -1
0 11 30.5 0.066628 0.125 0.5 -1
0 9.1 28.6 -0.011101 0.125 0.5 -1
0 -11 30.5 0.066628 0.125 0.5 -1
0 -9.1 28.6 -0.011101 0.125 0.5 -1
0 -11 30.5 0.066628 0.125 0.5 -1
0 -9.1 28.6 -0.011101 0.125 0.5 -1
0 -11 6.3 0.066624 0.125 0.5 -1
0 -9.1 1.6 -0.011105 0.125 0.5 -1
0 -11 6.3 0.066624 0.125 0.5 -1
0 -9.1 1.6 -0.011105 0.125 0.5 -1
0 -19 14.3 0.066626 0.125 0.5 -1
0 -9.1 1.6 -0.011105 0.125 0.5 -1
0 -18.999928 11.501 -0.011103 0.125 0.5 -1
0 -19 14.3 0.066626 0.125 0.5 -1
0 -19 14.3 0.066626 0.125 0.5 -1
0 -18.999928 11.501 -0.011103 0.125 0.5 -1
0 -31.9 1.4 0.066624 0.125 0.5 -1
0 -29.1 1.4 -0.011104 0.125 0.5 -1
0 0 -27.800001 -0.011108 0.125 0.5 -1
0 -31.9 1.4 0.066624 0.125 0.5 -1
0 -29.1 1.4 -0.011104 0.125 0.5 -1
0 -31.9 1.4 0.066624 0.125 0.5 -1
0 0 -27.800001 -0.011108 0.125 0.5 -1
0 0 -30.5 0.066619 0.125 0.5 -1
0 0 -27.800001 -0.011108 0.375 0.5 -1
0 0 -23.700001 -0.011108 0.375 0.5 -1
0 29.1 1.4 -0.011105 0.375 0.5 -1
0 25.1 1.4 -0.011105 0.375 0.5 -1
0 19 11.5 -0.011103 0.375 0.5 -1
0 19 7.5 -0.011104 0.375 0.5 -1
0 9.1 1.7 -0.011105 0.375 0.5 -1
0 6.1 -5.4 -0.011105 0.375 0.5 -1
0 9.1 28.6 -0.011101 0.375 0.5 -1
0 6.097386 25.605639 -0.011101 0.375 0.5 -1
0 -9.1 28.6 -0.011101 0.375 0.5 -1
0 -6.105899 25.605333 -0.011101 0.375 0.5 -1
0 -9.1 1.6 -0.011105 0.375 0.5 -1
0 -6.107126 -5.4 -0.011105 0.375 0.5 -1
0 -18.999928 11.501 -0.011103 0.375 0.5 -1
0 -18.993473 7.5 -0.011104 0.375 0.5 -1
0 -29.1 1.4 -0.011104 0.375 0.5 -1
0 -25.1 1.4 -0.011105 0.375 0.5 -1
0 25.1 1.4 -0.011105 0.625 0.5 -1
0 0 -23.700001 -0.011108 0.625 0.5 -1
0 0 -22.4 -0.011108 0.625 0.5 -1
0 23.800001 1.4 -0.011105 0.625 0.5 -1
0 19 7.5 -0.011104 0.625 0.5 -1
0 19 6.2 -0.011104 0.625 0.5 -1
0 6.1 -5.4 -0.011105 0.625 0.5 -1
0 5.2 -7.6 -0.011106 0.625 0.5 -1
0 6.097386 25.605639 -0.011101 0.625 0.5 -1
0 5.2 24.700001 -0.011101 0.625 0.5 -1
0 -6.105899 25.605333 -0.011101 0.625 0.5 -1
0 -5.2 24.700001 -0.011101 0.625 0.5 -1
0 -6.107126 -5.4 -0.011105 0.625 0.5 -1
0 -5.2 -7.6 -0.011106 0.625 0.5 -1
0 -18.993473 7.5 -0.011104 0.625 0.5 -1
0 -19 6.2 -0.011104 0.625 0.5 -1
0 -25.1 1.4 -0.011105 0.625 0.5 -1
0 -23.800001 1.4 -0.011105 0.625 0.5 -1
0 -5.2 24.700001 -0.011101 0.875 0.5 -1
0 5.2 24.700001 -0.011101 0.875 0.5 -1
0 -5.2 -7.6 -0.011106 0.875 0.5 -1
0 5.2 -7.6 -0.011106 0.875 0.5 -1
0 19 6.2 -0.011104 0.875 0.5 -1
0 23.800001 1.4 -0.011105 0.875 0.5 -1
0 0 -22.4 -0.011108 0.875 0.5 -1
0 -23.800001 1.4 -0.011105 0.875 0.5 -1
0 -19 6.2 -0.011104 0.875 0.5 -1
16
0.0288 -0.0288 -0.9992
0.0277 -0.0276 -0.9992
0.0277 0.0277 -0.9992
-0.0278 0.0278 -0.9992
-0.0282 0.0285 -0.9992
0.0411 0 -0.9992
0.0409 0 -0.9992
0 0.0409 -0.9992
-0.0409 0 -0.9992
0.0278 0.0277 -0.9992
-0.0277 0.0277 -0.9992
-0.0277 -0.0276 -0.9992
-0.0288 -0.0288 -0.9992
0 0 -1
0 0 -1
0 0 -1
7
0 82 83 84 15 15 15 1
0 83 85 84 15 15 15 1
0 86 87 85 15 15 15 1
0 87 88 85 15 15 15 1
0 85 88 84 15 15 15 1
0 88 89 84 15 15 15 1
0 84 89 90 15 15 15 1
Materials: 4
"Center"
0.000000 0.000000 0.000000 1.000000
1.000000 1.000000 1.000000 1.000000
1.000000 1.000000 1.000000 1.000000
0.000000 0.000000 0.000000 1.000000
0.000000
1.000000
"textures/Receptor parts.png"
""
"Inline"
0.000000 0.000000 0.000000 1.000000
1.000000 1.000000 1.000000 1.000000
1.000000 1.000000 1.000000 1.000000
0.000000 0.000000 0.000000 1.000000
0.000000
1.000000
"textures/Receptor parts.png"
""
"Midline"
0.000000 0.000000 0.000000 1.000000
1.000000 1.000000 1.000000 1.000000
1.000000 1.000000 1.000000 1.000000
0.000000 0.000000 0.000000 1.000000
0.000000
1.000000
"textures/Receptor parts.png"
""
"Outline"
0.000000 0.000000 0.000000 1.000000
1.000000 1.000000 1.000000 1.000000
1.000000 1.000000 1.000000 1.000000
0.000000 0.000000 0.000000 1.000000
0.000000
1.000000
"textures/Receptor parts.png"
""
Bones: 1
"Bone01"
""
0 0 0 0 0 0 0
1
1 0 0 0
1
1 0 0 0

GroupComments: 0
MaterialComments: 0
BoneComments: 0
ModelComment: 0