// MilkShape 3D ASCII
// Converted from .obj with obj2ms3dascii.lua by FMS_Cat
// https://github.com/FMS-Cat/obj2ms3dascii
Frames: 30
Frame: 1
Meshes: 4
"Outline_Plane" 0 3
434
0 0 -30.5 0.066619 0.125 0.5 -1
0 0 -27.800001 -0.011108 0.125 0.5 -1
0 31.9 1.4 0.066624 0.125 0.5 -1
0 0 -27.800001 -0.011108 0.125 0.5 -1
0 29.1 1.4 -0.011105 0.125 0.5 -1
0 31.9 1.4 0.066624 0.125 0.5 -1
0 31.9 1.4 0.066624 0.125 0.5 -1
0 29.1 1.4 -0.011105 0.125 0.5 -1
0 19.006739 14.3 0.066625 0.125 0.5 -1
0 19 11.5 -0.011103 0.125 0.5 -1
0 19.006739 14.3 0.066625 0.125 0.5 -1
0 19 11.5 -0.011103 0.125 0.5 -1
0 10.99234 6.3 0.066624 0.125 0.5 -1
0 19 11.5 -0.011103 0.125 0.5 -1
0 9.1 1.7 -0.011105 0.125 0.5 -1
0 10.99234 6.3 0.066624 0.125 0.5 -1
0 10.99234 6.3 0.066624 0.125 0.5 -1
0 9.1 1.7 -0.011105 0.125 0.5 -1
0 11 30.5 0.066628 0.125 0.5 -1
0 9.1 1.7 -0.011105 0.125 0.5 -1
0 9.1 28.6 -0.011101 0.125 0.5 -1
0 11 30.5 0.066628 0.125 0.5 -1
0 11 30.5 0.066628 0.125 0.5 -1
0 9.1 28.6 -0.011101 0.125 0.5 -1
0 -11 30.5 0.066628 0.125 0.5 -1
0 -9.1 28.6 -0.011101 0.125 0.5 -1
0 -11 30.5 0.066628 0.125 0.5 -1
0 -9.1 28.6 -0.011101 0.125 0.5 -1
0 -11 6.3 0.066624 0.125 0.5 -1
0 -9.1 1.6 -0.011105 0.125 0.5 -1
0 -11 6.3 0.066624 0.125 0.5 -1
0 -9.1 1.6 -0.011105 0.125 0.5 -1
0 -19 14.3 0.066626 0.125 0.5 -1
0 -9.1 1.6 -0.011105 0.125 0.5 -1
0 -18.999928 11.501 -0.011103 0.125 0.5 -1
0 -19 14.3 0.066626 0.125 0.5 -1
0 -19 14.3 0.066626 0.125 0.5 -1
0 -18.999928 11.501 -0.011103 0.125 0.5 -1
0 -31.9 1.4 0.066624 0.125 0.5 -1
0 -29.1 1.4 -0.011104 0.125 0.5 -1
0 0 -27.800001 -0.011108 0.125 0.5 -1
0 -31.9 1.4 0.066624 0.125 0.5 -1
0 -29.1 1.4 -0.011104 0.125 0.5 -1
0 -31.9 1.4 0.066624 0.125 0.5 -1
0 0 -27.800001 -0.011108 0.125 0.5 -1
0 0 -30.5 0.066619 0.125 0.5 -1
0 0 -30.5 2.066619 0.125 0.5 -1
0 31.9 1.4 2.066624 0.125 0.5 -1
0 0 -27.800001 1.988891 0.125 0.5 -1
0 0 -27.800001 1.988891 0.125 0.5 -1
0 31.9 1.4 2.066624 0.125 0.5 -1
0 29.1 1.4 1.988895 0.125 0.5 -1
0 31.9 1.4 2.066624 0.125 0.5 -1
0 19.006739 14.3 2.066625 0.125 0.5 -1
0 29.1 1.4 1.988895 0.125 0.5 -1
0 19 11.5 1.988897 0.125 0.5 -1
0 19.006739 14.3 2.066625 0.125 0.5 -1
0 10.99234 6.3 2.066624 0.125 0.5 -1
0 19 11.5 1.988897 0.125 0.5 -1
0 19 11.5 1.988897 0.125 0.5 -1
0 10.99234 6.3 2.066624 0.125 0.5 -1
0 9.1 1.7 1.988895 0.125 0.5 -1
0 10.99234 6.3 2.066624 0.125 0.5 -1
0 11 30.5 2.066628 0.125 0.5 -1
0 9.1 1.7 1.988895 0.125 0.5 -1
0 9.1 1.7 1.988895 0.125 0.5 -1
0 11 30.5 2.066628 0.125 0.5 -1
0 9.1 28.6 1.988899 0.125 0.5 -1
0 11 30.5 2.066628 0.125 0.5 -1
0 -11 30.5 2.066628 0.125 0.5 -1
0 9.1 28.6 1.988899 0.125 0.5 -1
0 -9.1 28.6 1.988899 0.125 0.5 -1
0 -11 30.5 2.066628 0.125 0.5 -1
0 -11 6.3 2.066624 0.125 0.5 -1
0 -9.1 28.6 1.988899 0.125 0.5 -1
0 -9.1 1.6 1.988895 0.125 0.5 -1
0 -11 6.3 2.066624 0.125 0.5 -1
0 -19 14.3 2.066625 0.125 0.5 -1
0 -9.1 1.6 1.988895 0.125 0.5 -1
0 -9.1 1.6 1.988895 0.125 0.5 -1
0 -19 14.3 2.066625 0.125 0.5 -1
0 -18.999928 11.501 1.988897 0.125 0.5 -1
0 -19 14.3 2.066625 0.125 0.5 -1
0 -31.9 1.4 2.066624 0.125 0.5 -1
0 -18.999928 11.501 1.988897 0.125 0.5 -1
0 -29.1 1.4 1.988895 0.125 0.5 -1
0 0 -27.800001 1.988891 0.125 0.5 -1
0 -29.1 1.4 1.988895 0.125 0.5 -1
0 -31.9 1.4 2.066624 0.125 0.5 -1
0 -31.9 1.4 2.066624 0.125 0.5 -1
0 0 -30.5 2.066619 0.125 0.5 -1
0 0 -27.800001 1.988891 0.125 0.5 -1
0 11 30.5 0.066628 0.125 0.5 -1
0 -11 30.5 0.066628 0.125 0.5 -1
0 -11 30.5 2.066628 0.125 0.5 -1
0 11 30.5 2.066628 0.125 0.5 -1
0 9.1 28.6 -0.011101 0.125 0.5 -1
0 9.1 1.7 -0.011105 0.125 0.5 -1
0 9.1 1.7 1.988895 0.125 0.5 -1
0 9.1 28.6 1.988899 0.125 0.5 -1
0 -11 30.5 0.066628 0.125 0.5 -1
0 -11 6.3 0.066624 0.125 0.5 -1
0 -11 6.3 2.066624 0.125 0.5 -1
0 -11 30.5 2.066628 0.125 0.5 -1
0 -9.1 28.6 -0.011101 0.125 0.5 -1
0 9.1 28.6 -0.011101 0.125 0.5 -1
0 9.1 28.6 1.988899 0.125 0.5 -1
0 -9.1 28.6 1.988899 0.125 0.5 -1
0 -11 6.3 0.066624 0.125 0.5 -1
0 -19 14.3 0.066626 0.125 0.5 -1
0 -19 14.3 2.066625 0.125 0.5 -1
0 -11 6.3 2.066624 0.125 0.5 -1
0 -9.1 1.6 -0.011105 0.125 0.5 -1
0 -9.1 28.6 -0.011101 0.125 0.5 -1
0 -9.1 28.6 1.988899 0.125 0.5 -1
0 -9.1 1.6 1.988895 0.125 0.5 -1
0 -19 14.3 0.066626 0.125 0.5 -1
0 -31.9 1.4 0.066624 0.125 0.5 -1
0 -31.9 1.4 2.066624 0.125 0.5 -1
0 -19 14.3 2.066625 0.125 0.5 -1
0 29.1 1.4 -0.011105 0.125 0.5 -1
0 0 -27.800001 -0.011108 0.125 0.5 -1
0 0 -27.800001 1.988891 0.125 0.5 -1
0 29.1 1.4 1.988895 0.125 0.5 -1
0 -18.999928 11.501 -0.011103 0.125 0.5 -1
0 -9.1 1.6 -0.011105 0.125 0.5 -1
0 -9.1 1.6 1.988895 0.125 0.5 -1
0 -18.999928 11.501 1.988897 0.125 0.5 -1
0 -31.9 1.4 0.066624 0.125 0.5 -1
0 0 -30.5 0.066619 0.125 0.5 -1
0 0 -30.5 2.066619 0.125 0.5 -1
0 -31.9 1.4 2.066624 0.125 0.5 -1
0 31.9 1.4 0.066624 0.125 0.5 -1
0 19.006739 14.3 0.066625 0.125 0.5 -1
0 19.006739 14.3 2.066625 0.125 0.5 -1
0 31.9 1.4 2.066624 0.125 0.5 -1
0 -29.1 1.4 -0.011104 0.125 0.5 -1
0 -18.999928 11.501 -0.011103 0.125 0.5 -1
0 -18.999928 11.501 1.988897 0.125 0.5 -1
0 -29.1 1.4 1.988895 0.125 0.5 -1
0 0 -30.5 0.066619 0.125 0.5 -1
0 31.9 1.4 0.066624 0.125 0.5 -1
0 31.9 1.4 2.066624 0.125 0.5 -1
0 0 -30.5 2.066619 0.125 0.5 -1
0 19.006739 14.3 0.066625 0.125 0.5 -1
0 10.99234 6.3 0.066624 0.125 0.5 -1
0 10.99234 6.3 2.066624 0.125 0.5 -1
0 19.006739 14.3 2.066625 0.125 0.5 -1
0 0 -27.800001 -0.011108 0.125 0.5 -1
0 -29.1 1.4 -0.011104 0.125 0.5 -1
0 -29.1 1.4 1.988895 0.125 0.5 -1
0 0 -27.800001 1.988891 0.125 0.5 -1
0 19 11.5 -0.011103 0.125 0.5 -1
0 29.1 1.4 -0.011105 0.125 0.5 -1
0 29.1 1.4 1.988895 0.125 0.5 -1
0 19 11.5 1.988897 0.125 0.5 -1
0 10.99234 6.3 0.066624 0.125 0.5 -1
0 11 30.5 0.066628 0.125 0.5 -1
0 11 30.5 2.066628 0.125 0.5 -1
0 10.99234 6.3 2.066624 0.125 0.5 -1
0 9.1 1.7 -0.011105 0.125 0.5 -1
0 19 11.5 -0.011103 0.125 0.5 -1
0 19 11.5 1.988897 0.125 0.5 -1
0 9.1 1.7 1.988895 0.125 0.5 -1
0 0 -27.800001 -0.011108 0.375 0.5 -1
0 0 -23.700001 -0.011108 0.375 0.5 -1
0 29.1 1.4 -0.011105 0.375 0.5 -1
0 25.1 1.4 -0.011105 0.375 0.5 -1
0 19 11.5 -0.011103 0.375 0.5 -1
0 19 7.5 -0.011104 0.375 0.5 -1
0 9.1 1.7 -0.011105 0.375 0.5 -1
0 6.1 -5.4 -0.011105 0.375 0.5 -1
0 9.1 28.6 -0.011101 0.375 0.5 -1
0 6.097386 25.605639 -0.011101 0.375 0.5 -1
0 -9.1 28.6 -0.011101 0.375 0.5 -1
0 -6.105899 25.605333 -0.011101 0.375 0.5 -1
0 -9.1 1.6 -0.011105 0.375 0.5 -1
0 -6.107126 -5.4 -0.011105 0.375 0.5 -1
0 -18.999928 11.501 -0.011103 0.375 0.5 -1
0 -18.993473 7.5 -0.011104 0.375 0.5 -1
0 -29.1 1.4 -0.011104 0.375 0.5 -1
0 -25.1 1.4 -0.011105 0.375 0.5 -1
0 0 -27.800001 1.988891 0.375 0.5 -1
0 29.1 1.4 1.988895 0.375 0.5 -1
0 0 -23.700001 1.988892 0.375 0.5 -1
0 25.1 1.4 1.988895 0.375 0.5 -1
0 19 11.5 1.988897 0.375 0.5 -1
0 19 7.5 1.988896 0.375 0.5 -1
0 9.1 1.7 1.988895 0.375 0.5 -1
0 6.1 -5.4 1.988894 0.375 0.5 -1
0 9.1 28.6 1.988899 0.375 0.5 -1
0 6.097386 25.605639 1.988899 0.375 0.5 -1
0 -9.1 28.6 1.988899 0.375 0.5 -1
0 -6.105899 25.605333 1.988899 0.375 0.5 -1
0 -9.1 1.6 1.988895 0.375 0.5 -1
0 -6.107126 -5.4 1.988894 0.375 0.5 -1
0 -18.999928 11.501 1.988897 0.375 0.5 -1
0 -18.993473 7.5 1.988896 0.375 0.5 -1
0 -29.1 1.4 1.988895 0.375 0.5 -1
0 -25.1 1.4 1.988895 0.375 0.5 -1
0 -6.107126 -5.4 -0.011105 0.375 0.5 -1
0 -6.105899 25.605333 -0.011101 0.375 0.5 -1
0 -6.105899 25.605333 1.988899 0.375 0.5 -1
0 -6.107126 -5.4 1.988894 0.375 0.5 -1
0 -9.1 1.6 -0.011105 0.375 0.5 -1
0 -18.999928 11.501 -0.011103 0.375 0.5 -1
0 -18.999928 11.501 1.988897 0.375 0.5 -1
0 -9.1 1.6 1.988895 0.375 0.5 -1
0 -18.993473 7.5 -0.011104 0.375 0.5 -1
0 -6.107126 -5.4 -0.011105 0.375 0.5 -1
0 -6.107126 -5.4 1.988894 0.375 0.5 -1
0 -18.993473 7.5 1.988896 0.375 0.5 -1
0 -18.999928 11.501 -0.011103 0.375 0.5 -1
0 -29.1 1.4 -0.011104 0.375 0.5 -1
0 -29.1 1.4 1.988895 0.375 0.5 -1
0 -18.999928 11.501 1.988897 0.375 0.5 -1
0 0 -27.800001 -0.011108 0.375 0.5 -1
0 29.1 1.4 -0.011105 0.375 0.5 -1
0 29.1 1.4 1.988895 0.375 0.5 -1
0 0 -27.800001 1.988891 0.375 0.5 -1
0 -25.1 1.4 -0.011105 0.375 0.5 -1
0 -18.993473 7.5 -0.011104 0.375 0.5 -1
0 -18.993473 7.5 1.988896 0.375 0.5 -1
0 -25.1 1.4 1.988895 0.375 0.5 -1
0 -29.1 1.4 -0.011104 0.375 0.5 -1
0 0 -27.800001 -0.011108 0.375 0.5 -1
0 0 -27.800001 1.988891 0.375 0.5 -1
0 -29.1 1.4 1.988895 0.375 0.5 -1
0 29.1 1.4 -0.011105 0.375 0.5 -1
0 19 11.5 -0.011103 0.375 0.5 -1
0 19 11.5 1.988897 0.375 0.5 -1
0 29.1 1.4 1.988895 0.375 0.5 -1
0 0 -23.700001 -0.011108 0.375 0.5 -1
0 -25.1 1.4 -0.011105 0.375 0.5 -1
0 -25.1 1.4 1.988895 0.375 0.5 -1
0 0 -23.700001 1.988892 0.375 0.5 -1
0 19 7.5 -0.011104 0.375 0.5 -1
0 25.1 1.4 -0.011105 0.375 0.5 -1
0 25.1 1.4 1.988895 0.375 0.5 -1
0 19 7.5 1.988896 0.375 0.5 -1
0 19 11.5 -0.011103 0.375 0.5 -1
0 9.1 1.7 -0.011105 0.375 0.5 -1
0 9.1 1.7 1.988895 0.375 0.5 -1
0 19 11.5 1.988897 0.375 0.5 -1
0 25.1 1.4 -0.011105 0.375 0.5 -1
0 0 -23.700001 -0.011108 0.375 0.5 -1
0 0 -23.700001 1.988892 0.375 0.5 -1
0 25.1 1.4 1.988895 0.375 0.5 -1
0 6.1 -5.4 -0.011105 0.375 0.5 -1
0 19 7.5 -0.011104 0.375 0.5 -1
0 19 7.5 1.988896 0.375 0.5 -1
0 6.1 -5.4 1.988894 0.375 0.5 -1
0 9.1 1.7 -0.011105 0.375 0.5 -1
0 9.1 28.6 -0.011101 0.375 0.5 -1
0 9.1 28.6 1.988899 0.375 0.5 -1
0 9.1 1.7 1.988895 0.375 0.5 -1
0 6.097386 25.605639 -0.011101 0.375 0.5 -1
0 6.1 -5.4 -0.011105 0.375 0.5 -1
0 6.1 -5.4 1.988894 0.375 0.5 -1
0 6.097386 25.605639 1.988899 0.375 0.5 -1
0 9.1 28.6 -0.011101 0.375 0.5 -1
0 -9.1 28.6 -0.011101 0.375 0.5 -1
0 -9.1 28.6 1.988899 0.375 0.5 -1
0 9.1 28.6 1.988899 0.375 0.5 -1
0 -6.105899 25.605333 -0.011101 0.375 0.5 -1
0 6.097386 25.605639 -0.011101 0.375 0.5 -1
0 6.097386 25.605639 1.988899 0.375 0.5 -1
0 -6.105899 25.605333 1.988899 0.375 0.5 -1
0 -9.1 28.6 -0.011101 0.375 0.5 -1
0 -9.1 1.6 -0.011105 0.375 0.5 -1
0 -9.1 1.6 1.988895 0.375 0.5 -1
0 -9.1 28.6 1.988899 0.375 0.5 -1
0 25.1 1.4 -0.011105 0.625 0.5 -1
0 0 -23.700001 -0.011108 0.625 0.5 -1
0 0 -22.4 -0.011108 0.625 0.5 -1
0 23.800001 1.4 -0.011105 0.625 0.5 -1
0 19 7.5 -0.011104 0.625 0.5 -1
0 19 6.2 -0.011104 0.625 0.5 -1
0 6.1 -5.4 -0.011105 0.625 0.5 -1
0 5.2 -7.6 -0.011106 0.625 0.5 -1
0 6.097386 25.605639 -0.011101 0.625 0.5 -1
0 5.2 24.700001 -0.011101 0.625 0.5 -1
0 -6.105899 25.605333 -0.011101 0.625 0.5 -1
0 -5.2 24.700001 -0.011101 0.625 0.5 -1
0 -6.107126 -5.4 -0.011105 0.625 0.5 -1
0 -5.2 -7.6 -0.011106 0.625 0.5 -1
0 -18.993473 7.5 -0.011104 0.625 0.5 -1
0 -19 6.2 -0.011104 0.625 0.5 -1
0 -25.1 1.4 -0.011105 0.625 0.5 -1
0 -23.800001 1.4 -0.011105 0.625 0.5 -1
0 25.1 1.4 1.988895 0.625 0.5 -1
0 0 -22.4 1.988892 0.625 0.5 -1
0 0 -23.700001 1.988892 0.625 0.5 -1
0 23.800001 1.4 1.988895 0.625 0.5 -1
0 19 7.5 1.988896 0.625 0.5 -1
0 19 6.2 1.988896 0.625 0.5 -1
0 6.1 -5.4 1.988894 0.625 0.5 -1
0 5.2 -7.6 1.988894 0.625 0.5 -1
0 6.097386 25.605639 1.988899 0.625 0.5 -1
0 5.2 24.700001 1.988899 0.625 0.5 -1
0 -6.105899 25.605333 1.988899 0.625 0.5 -1
0 -5.2 24.700001 1.988899 0.625 0.5 -1
0 -6.107126 -5.4 1.988894 0.625 0.5 -1
0 -5.2 -7.6 1.988894 0.625 0.5 -1
0 -18.993473 7.5 1.988896 0.625 0.5 -1
0 -19 6.2 1.988896 0.625 0.5 -1
0 -25.1 1.4 1.988895 0.625 0.5 -1
0 -23.800001 1.4 1.988895 0.625 0.5 -1
0 19 6.2 -0.011104 0.625 0.5 -1
0 23.800001 1.4 -0.011105 0.625 0.5 -1
0 23.800001 1.4 1.988895 0.625 0.5 -1
0 19 6.2 1.988896 0.625 0.5 -1
0 6.097386 25.605639 -0.011101 0.625 0.5 -1
0 -6.105899 25.605333 -0.011101 0.625 0.5 -1
0 -6.105899 25.605333 1.988899 0.625 0.5 -1
0 6.097386 25.605639 1.988899 0.625 0.5 -1
0 5.2 -7.6 -0.011106 0.625 0.5 -1
0 19 6.2 -0.011104 0.625 0.5 -1
0 19 6.2 1.988896 0.625 0.5 -1
0 5.2 -7.6 1.988894 0.625 0.5 -1
0 -6.105899 25.605333 -0.011101 0.625 0.5 -1
0 -6.107126 -5.4 -0.011105 0.625 0.5 -1
0 -6.107126 -5.4 1.988894 0.625 0.5 -1
0 -6.105899 25.605333 1.988899 0.625 0.5 -1
0 5.2 24.700001 -0.011101 0.625 0.5 -1
0 5.2 -7.6 -0.011106 0.625 0.5 -1
0 5.2 -7.6 1.988894 0.625 0.5 -1
0 5.2 24.700001 1.988899 0.625 0.5 -1
0 -6.107126 -5.4 -0.011105 0.625 0.5 -1
0 -18.993473 7.5 -0.011104 0.625 0.5 -1
0 -18.993473 7.5 1.988896 0.625 0.5 -1
0 -6.107126 -5.4 1.988894 0.625 0.5 -1
0 -5.2 24.700001 -0.011101 0.625 0.5 -1
0 5.2 24.700001 -0.011101 0.625 0.5 -1
0 5.2 24.700001 1.988899 0.625 0.5 -1
0 -5.2 24.700001 1.988899 0.625 0.5 -1
0 -18.993473 7.5 -0.011104 0.625 0.5 -1
0 -25.1 1.4 -0.011105 0.625 0.5 -1
0 -25.1 1.4 1.988895 0.625 0.5 -1
0 -18.993473 7.5 1.988896 0.625 0.5 -1
0 -5.2 -7.6 -0.011106 0.625 0.5 -1
0 -5.2 24.700001 -0.011101 0.625 0.5 -1
0 -5.2 24.700001 1.988899 0.625 0.5 -1
0 -5.2 -7.6 1.988894 0.625 0.5 -1
0 -25.1 1.4 -0.011105 0.625 0.5 -1
0 0 -23.700001 -0.011108 0.625 0.5 -1
0 0 -23.700001 1.988892 0.625 0.5 -1
0 -25.1 1.4 1.988895 0.625 0.5 -1
0 25.1 1.4 -0.011105 0.625 0.5 -1
0 19 7.5 -0.011104 0.625 0.5 -1
0 19 7.5 1.988896 0.625 0.5 -1
0 25.1 1.4 1.988895 0.625 0.5 -1
0 -19 6.2 -0.011104 0.625 0.5 -1
0 -5.2 -7.6 -0.011106 0.625 0.5 -1
0 -5.2 -7.6 1.988894 0.625 0.5 -1
0 -19 6.2 1.988896 0.625 0.5 -1
0 0 -23.700001 -0.011108 0.625 0.5 -1
0 25.1 1.4 -0.011105 0.625 0.5 -1
0 25.1 1.4 1.988895 0.625 0.5 -1
0 0 -23.700001 1.988892 0.625 0.5 -1
0 19 7.5 -0.011104 0.625 0.5 -1
0 6.1 -5.4 -0.011105 0.625 0.5 -1
0 6.1 -5.4 1.988894 0.625 0.5 -1
0 19 7.5 1.988896 0.625 0.5 -1
0 -23.800001 1.4 -0.011105 0.625 0.5 -1
0 -19 6.2 -0.011104 0.625 0.5 -1
0 -19 6.2 1.988896 0.625 0.5 -1
0 -23.800001 1.4 1.988895 0.625 0.5 -1
0 23.800001 1.4 -0.011105 0.625 0.5 -1
0 0 -22.4 -0.011108 0.625 0.5 -1
0 0 -22.4 1.988892 0.625 0.5 -1
0 23.800001 1.4 1.988895 0.625 0.5 -1
0 6.1 -5.4 -0.011105 0.625 0.5 -1
0 6.097386 25.605639 -0.011101 0.625 0.5 -1
0 6.097386 25.605639 1.988899 0.625 0.5 -1
0 6.1 -5.4 1.988894 0.625 0.5 -1
0 0 -22.4 -0.011108 0.625 0.5 -1
0 -23.800001 1.4 -0.011105 0.625 0.5 -1
0 -23.800001 1.4 1.988895 0.625 0.5 -1
0 0 -22.4 1.988892 0.625 0.5 -1
0 -5.2 24.700001 -0.011101 0.875 0.5 -1
0 5.2 24.700001 -0.011101 0.875 0.5 -1
0 -5.2 -7.6 -0.011106 0.875 0.5 -1
0 5.2 -7.6 -0.011106 0.875 0.5 -1
0 19 6.2 -0.011104 0.875 0.5 -1
0 23.800001 1.4 -0.011105 0.875 0.5 -1
0 0 -22.4 -0.011108 0.875 0.5 -1
0 -23.800001 1.4 -0.011105 0.875 0.5 -1
0 -19 6.2 -0.011104 0.875 0.5 -1
0 -5.2 24.700001 1.988899 0.875 0.5 -1
0 -5.2 -7.6 1.988894 0.875 0.5 -1
0 5.2 24.700001 1.988899 0.875 0.5 -1
0 5.2 -7.6 1.988894 0.875 0.5 -1
0 19 6.2 1.988896 0.875 0.5 -1
0 23.800001 1.4 1.988895 0.875 0.5 -1
0 0 -22.4 1.988892 0.875 0.5 -1
0 -23.800001 1.4 1.988895 0.875 0.5 -1
0 -19 6.2 1.988896 0.875 0.5 -1
0 0 -22.4 -0.011108 0.875 0.5 -1
0 23.800001 1.4 -0.011105 0.875 0.5 -1
0 23.800001 1.4 1.988895 0.875 0.5 -1
0 0 -22.4 1.988892 0.875 0.5 -1
0 -19 6.2 -0.011104 0.875 0.5 -1
0 -23.800001 1.4 -0.011105 0.875 0.5 -1
0 -23.800001 1.4 1.988895 0.875 0.5 -1
0 -19 6.2 1.988896 0.875 0.5 -1
0 5.2 24.700001 -0.011101 0.875 0.5 -1
0 -5.2 24.700001 -0.011101 0.875 0.5 -1
0 -5.2 24.700001 1.988899 0.875 0.5 -1
0 5.2 24.700001 1.988899 0.875 0.5 -1
0 23.800001 1.4 -0.011105 0.875 0.5 -1
0 19 6.2 -0.011104 0.875 0.5 -1
0 19 6.2 1.988896 0.875 0.5 -1
0 23.800001 1.4 1.988895 0.875 0.5 -1
0 -23.800001 1.4 -0.011105 0.875 0.5 -1
0 0 -22.4 -0.011108 0.875 0.5 -1
0 0 -22.4 1.988892 0.875 0.5 -1
0 -23.800001 1.4 1.988895 0.875 0.5 -1
0 -5.2 24.700001 -0.011101 0.875 0.5 -1
0 -5.2 -7.6 -0.011106 0.875 0.5 -1
0 -5.2 -7.6 1.988894 0.875 0.5 -1
0 -5.2 24.700001 1.988899 0.875 0.5 -1
0 19 6.2 -0.011104 0.875 0.5 -1
0 5.2 -7.6 -0.011106 0.875 0.5 -1
0 5.2 -7.6 1.988894 0.875 0.5 -1
0 19 6.2 1.988896 0.875 0.5 -1
0 -5.2 -7.6 -0.011106 0.875 0.5 -1
0 -19 6.2 -0.011104 0.875 0.5 -1
0 -19 6.2 1.988896 0.875 0.5 -1
0 -5.2 -7.6 1.988894 0.875 0.5 -1
0 5.2 -7.6 -0.011106 0.875 0.5 -1
0 5.2 24.700001 -0.011101 0.875 0.5 -1
0 5.2 24.700001 1.988899 0.875 0.5 -1
0 5.2 -7.6 1.988894 0.875 0.5 -1
78
0.0288 -0.0288 -0.9992
0.0277 -0.0276 -0.9992
0.0277 0.0277 -0.9992
-0.0278 0.0278 -0.9992
-0.0282 0.0285 -0.9992
0.0411 0 -0.9992
0.0409 0 -0.9992
0 0.0409 -0.9992
-0.0409 0 -0.9992
0.0278 0.0277 -0.9992
-0.0277 0.0277 -0.9992
-0.0277 -0.0276 -0.9992
-0.0288 -0.0288 -0.9992
-0.0288 0.0288 0.9992
-0.0277 0.0276 0.9992
-0.0277 -0.0277 0.9992
0.0278 -0.0278 0.9992
0.0282 -0.0285 0.9992
-0.0411 0 0.9992
-0.0409 0 0.9992
0 -0.0409 0.9992
0.0409 0 0.9992
-0.0278 -0.0277 0.9992
0.0277 -0.0277 0.9992
0.0277 0.0276 0.9992
0.0288 0.0288 0.9992
0 1 0
-1 0 0
0 -1 0
0.7071 0.7071 0
1 0 0
-0.7071 0.7071 0
-0.7083 0.7059 0
-0.7071 -0.7071 0
0.7073 0.7069 0
0.7071 -0.7071 0
-0.7065 0.7077 0
0.7083 0.7059 0
1 -0.0003 0
0.7035 -0.7107 0
0 0 -1
0 0 1
1 0 0
0.7071 0.7071 0
-0.7075 -0.7067 0
-0.7071 0.7071 0
0.7083 -0.7059 0
0.7067 -0.7075 0
-0.7083 -0.7059 0
-0.7071 -0.7071 0
-0.7035 0.7107 0
0.7071 -0.7071 0
-1 -0.0001 0
0 1 0
0 -1 0
-1 0 0
0 0 -1
0 0 1
-0.7071 -0.7071 0
0 1 0
0.7071 -0.7071 0
-1 0 0
0.7075 0.7067 0
0 -1 0
-0.7067 0.7075 0
1 0 0
0.7071 0.7071 0
-0.7071 0.7071 0
1 0.0001 0
0 0 -1
0 0 1
0.7071 -0.7071 0
-0.7071 0.7071 0
0 1 0
0.7071 0.7071 0
-0.7071 -0.7071 0
-1 0 0
1 0 0
72
0 0 1 2 0 0 0 1
0 3 4 5 1 1 1 1
0 6 7 8 2 2 2 1
0 7 9 8 2 2 2 1
0 10 11 12 3 3 3 1
0 13 14 15 4 4 4 1
0 16 17 18 5 5 5 1
0 19 20 21 6 6 6 1
0 22 23 24 7 7 7 1
0 23 25 24 7 7 7 1
0 26 27 28 8 8 8 1
0 27 29 28 8 8 8 1
0 30 31 32 2 2 2 1
0 33 34 35 9 9 9 1
0 36 37 38 10 10 10 1
0 37 39 38 10 10 10 1
0 40 41 42 11 11 11 1
0 43 44 45 12 12 12 1
0 46 47 48 13 13 13 1
0 49 50 51 14 14 14 1
0 52 53 54 15 15 15 1
0 54 53 55 15 15 15 1
0 56 57 58 16 16 16 1
0 59 60 61 17 17 17 1
0 62 63 64 18 18 18 1
0 65 66 67 19 19 19 1
0 68 69 70 20 20 20 1
0 70 69 71 20 20 20 1
0 72 73 74 21 21 21 1
0 74 73 75 21 21 21 1
0 76 77 78 15 15 15 1
0 79 80 81 22 22 22 1
0 82 83 84 23 23 23 1
0 84 83 85 23 23 23 1
0 86 87 88 24 24 24 1
0 89 90 91 25 25 25 1
0 92 93 94 26 26 26 1
0 92 94 95 26 26 26 1
0 96 97 98 27 27 27 1
0 96 98 99 27 27 27 1
0 100 101 102 27 27 27 1
0 100 102 103 27 27 27 1
0 104 105 106 28 28 28 1
0 104 106 107 28 28 28 1
0 108 109 110 29 29 29 1
0 108 110 111 29 29 29 1
0 112 113 114 30 30 30 1
0 112 114 115 30 30 30 1
0 116 117 118 31 31 31 1
0 116 118 119 31 31 31 1
0 120 121 122 32 32 32 1
0 120 122 123 32 32 32 1
0 124 125 126 33 33 33 1
0 124 126 127 33 33 33 1
0 128 129 130 33 33 33 1
0 128 130 131 33 33 33 1
0 132 133 134 34 34 34 1
0 132 134 135 34 34 34 1
0 136 137 138 35 35 35 1
0 136 138 139 35 35 35 1
0 140 141 142 35 35 35 1
0 140 142 143 35 35 35 1
0 144 145 146 36 36 36 1
0 144 146 147 36 36 36 1
0 148 149 150 37 37 37 1
0 148 150 151 37 37 37 1
0 152 153 154 33 33 33 1
0 152 154 155 33 33 33 1
0 156 157 158 38 38 38 1
0 156 158 159 38 38 38 1
0 160 161 162 39 39 39 1
0 160 162 163 39 39 39 1
"Midline_Plane.001" 0 2
434
0 0 -30.5 0.066619 0.125 0.5 -1
0 0 -27.800001 -0.011108 0.125 0.5 -1
0 31.9 1.4 0.066624 0.125 0.5 -1
0 0 -27.800001 -0.011108 0.125 0.5 -1
0 29.1 1.4 -0.011105 0.125 0.5 -1
0 31.9 1.4 0.066624 0.125 0.5 -1
0 31.9 1.4 0.066624 0.125 0.5 -1
0 29.1 1.4 -0.011105 0.125 0.5 -1
0 19.006739 14.3 0.066625 0.125 0.5 -1
0 19 11.5 -0.011103 0.125 0.5 -1
0 19.006739 14.3 0.066625 0.125 0.5 -1
0 19 11.5 -0.011103 0.125 0.5 -1
0 10.99234 6.3 0.066624 0.125 0.5 -1
0 19 11.5 -0.011103 0.125 0.5 -1
0 9.1 1.7 -0.011105 0.125 0.5 -1
0 10.99234 6.3 0.066624 0.125 0.5 -1
0 10.99234 6.3 0.066624 0.125 0.5 -1
0 9.1 1.7 -0.011105 0.125 0.5 -1
0 11 30.5 0.066628 0.125 0.5 -1
0 9.1 1.7 -0.011105 0.125 0.5 -1
0 9.1 28.6 -0.011101 0.125 0.5 -1
0 11 30.5 0.066628 0.125 0.5 -1
0 11 30.5 0.066628 0.125 0.5 -1
0 9.1 28.6 -0.011101 0.125 0.5 -1
0 -11 30.5 0.066628 0.125 0.5 -1
0 -9.1 28.6 -0.011101 0.125 0.5 -1
0 -11 30.5 0.066628 0.125 0.5 -1
0 -9.1 28.6 -0.011101 0.125 0.5 -1
0 -11 6.3 0.066624 0.125 0.5 -1
0 -9.1 1.6 -0.011105 0.125 0.5 -1
0 -11 6.3 0.066624 0.125 0.5 -1
0 -9.1 1.6 -0.011105 0.125 0.5 -1
0 -19 14.3 0.066626 0.125 0.5 -1
0 -9.1 1.6 -0.011105 0.125 0.5 -1
0 -18.999928 11.501 -0.011103 0.125 0.5 -1
0 -19 14.3 0.066626 0.125 0.5 -1
0 -19 14.3 0.066626 0.125 0.5 -1
0 -18.999928 11.501 -0.011103 0.125 0.5 -1
0 -31.9 1.4 0.066624 0.125 0.5 -1
0 -29.1 1.4 -0.011104 0.125 0.5 -1
0 0 -27.800001 -0.011108 0.125 0.5 -1
0 -31.9 1.4 0.066624 0.125 0.5 -1
0 -29.1 1.4 -0.011104 0.125 0.5 -1
0 -31.9 1.4 0.066624 0.125 0.5 -1
0 0 -27.800001 -0.011108 0.125 0.5 -1
0 0 -30.5 0.066619 0.125 0.5 -1
0 0 -30.5 2.066619 0.125 0.5 -1
0 31.9 1.4 2.066624 0.125 0.5 -1
0 0 -27.800001 1.988891 0.125 0.5 -1
0 0 -27.800001 1.988891 0.125 0.5 -1
0 31.9 1.4 2.066624 0.125 0.5 -1
0 29.1 1.4 1.988895 0.125 0.5 -1
0 31.9 1.4 2.066624 0.125 0.5 -1
0 19.006739 14.3 2.066625 0.125 0.5 -1
0 29.1 1.4 1.988895 0.125 0.5 -1
0 19 11.5 1.988897 0.125 0.5 -1
0 19.006739 14.3 2.066625 0.125 0.5 -1
0 10.99234 6.3 2.066624 0.125 0.5 -1
0 19 11.5 1.988897 0.125 0.5 -1
0 19 11.5 1.988897 0.125 0.5 -1
0 10.99234 6.3 2.066624 0.125 0.5 -1
0 9.1 1.7 1.988895 0.125 0.5 -1
0 10.99234 6.3 2.066624 0.125 0.5 -1
0 11 30.5 2.066628 0.125 0.5 -1
0 9.1 1.7 1.988895 0.125 0.5 -1
0 9.1 1.7 1.988895 0.125 0.5 -1
0 11 30.5 2.066628 0.125 0.5 -1
0 9.1 28.6 1.988899 0.125 0.5 -1
0 11 30.5 2.066628 0.125 0.5 -1
0 -11 30.5 2.066628 0.125 0.5 -1
0 9.1 28.6 1.988899 0.125 0.5 -1
0 -9.1 28.6 1.988899 0.125 0.5 -1
0 -11 30.5 2.066628 0.125 0.5 -1
0 -11 6.3 2.066624 0.125 0.5 -1
0 -9.1 28.6 1.988899 0.125 0.5 -1
0 -9.1 1.6 1.988895 0.125 0.5 -1
0 -11 6.3 2.066624 0.125 0.5 -1
0 -19 14.3 2.066625 0.125 0.5 -1
0 -9.1 1.6 1.988895 0.125 0.5 -1
0 -9.1 1.6 1.988895 0.125 0.5 -1
0 -19 14.3 2.066625 0.125 0.5 -1
0 -18.999928 11.501 1.988897 0.125 0.5 -1
0 -19 14.3 2.066625 0.125 0.5 -1
0 -31.9 1.4 2.066624 0.125 0.5 -1
0 -18.999928 11.501 1.988897 0.125 0.5 -1
0 -29.1 1.4 1.988895 0.125 0.5 -1
0 0 -27.800001 1.988891 0.125 0.5 -1
0 -29.1 1.4 1.988895 0.125 0.5 -1
0 -31.9 1.4 2.066624 0.125 0.5 -1
0 -31.9 1.4 2.066624 0.125 0.5 -1
0 0 -30.5 2.066619 0.125 0.5 -1
0 0 -27.800001 1.988891 0.125 0.5 -1
0 11 30.5 0.066628 0.125 0.5 -1
0 -11 30.5 0.066628 0.125 0.5 -1
0 -11 30.5 2.066628 0.125 0.5 -1
0 11 30.5 2.066628 0.125 0.5 -1
0 9.1 28.6 -0.011101 0.125 0.5 -1
0 9.1 1.7 -0.011105 0.125 0.5 -1
0 9.1 1.7 1.988895 0.125 0.5 -1
0 9.1 28.6 1.988899 0.125 0.5 -1
0 -11 30.5 0.066628 0.125 0.5 -1
0 -11 6.3 0.066624 0.125 0.5 -1
0 -11 6.3 2.066624 0.125 0.5 -1
0 -11 30.5 2.066628 0.125 0.5 -1
0 -9.1 28.6 -0.011101 0.125 0.5 -1
0 9.1 28.6 -0.011101 0.125 0.5 -1
0 9.1 28.6 1.988899 0.125 0.5 -1
0 -9.1 28.6 1.988899 0.125 0.5 -1
0 -11 6.3 0.066624 0.125 0.5 -1
0 -19 14.3 0.066626 0.125 0.5 -1
0 -19 14.3 2.066625 0.125 0.5 -1
0 -11 6.3 2.066624 0.125 0.5 -1
0 -9.1 1.6 -0.011105 0.125 0.5 -1
0 -9.1 28.6 -0.011101 0.125 0.5 -1
0 -9.1 28.6 1.988899 0.125 0.5 -1
0 -9.1 1.6 1.988895 0.125 0.5 -1
0 -19 14.3 0.066626 0.125 0.5 -1
0 -31.9 1.4 0.066624 0.125 0.5 -1
0 -31.9 1.4 2.066624 0.125 0.5 -1
0 -19 14.3 2.066625 0.125 0.5 -1
0 29.1 1.4 -0.011105 0.125 0.5 -1
0 0 -27.800001 -0.011108 0.125 0.5 -1
0 0 -27.800001 1.988891 0.125 0.5 -1
0 29.1 1.4 1.988895 0.125 0.5 -1
0 -18.999928 11.501 -0.011103 0.125 0.5 -1
0 -9.1 1.6 -0.011105 0.125 0.5 -1
0 -9.1 1.6 1.988895 0.125 0.5 -1
0 -18.999928 11.501 1.988897 0.125 0.5 -1
0 -31.9 1.4 0.066624 0.125 0.5 -1
0 0 -30.5 0.066619 0.125 0.5 -1
0 0 -30.5 2.066619 0.125 0.5 -1
0 -31.9 1.4 2.066624 0.125 0.5 -1
0 31.9 1.4 0.066624 0.125 0.5 -1
0 19.006739 14.3 0.066625 0.125 0.5 -1
0 19.006739 14.3 2.066625 0.125 0.5 -1
0 31.9 1.4 2.066624 0.125 0.5 -1
0 -29.1 1.4 -0.011104 0.125 0.5 -1
0 -18.999928 11.501 -0.011103 0.125 0.5 -1
0 -18.999928 11.501 1.988897 0.125 0.5 -1
0 -29.1 1.4 1.988895 0.125 0.5 -1
0 0 -30.5 0.066619 0.125 0.5 -1
0 31.9 1.4 0.066624 0.125 0.5 -1
0 31.9 1.4 2.066624 0.125 0.5 -1
0 0 -30.5 2.066619 0.125 0.5 -1
0 19.006739 14.3 0.066625 0.125 0.5 -1
0 10.99234 6.3 0.066624 0.125 0.5 -1
0 10.99234 6.3 2.066624 0.125 0.5 -1
0 19.006739 14.3 2.066625 0.125 0.5 -1
0 0 -27.800001 -0.011108 0.125 0.5 -1
0 -29.1 1.4 -0.011104 0.125 0.5 -1
0 -29.1 1.4 1.988895 0.125 0.5 -1
0 0 -27.800001 1.988891 0.125 0.5 -1
0 19 11.5 -0.011103 0.125 0.5 -1
0 29.1 1.4 -0.011105 0.125 0.5 -1
0 29.1 1.4 1.988895 0.125 0.5 -1
0 19 11.5 1.988897 0.125 0.5 -1
0 10.99234 6.3 0.066624 0.125 0.5 -1
0 11 30.5 0.066628 0.125 0.5 -1
0 11 30.5 2.066628 0.125 0.5 -1
0 10.99234 6.3 2.066624 0.125 0.5 -1
0 9.1 1.7 -0.011105 0.125 0.5 -1
0 19 11.5 -0.011103 0.125 0.5 -1
0 19 11.5 1.988897 0.125 0.5 -1
0 9.1 1.7 1.988895 0.125 0.5 -1
0 0 -27.800001 -0.011108 0.375 0.5 -1
0 0 -23.700001 -0.011108 0.375 0.5 -1
0 29.1 1.4 -0.011105 0.375 0.5 -1
0 25.1 1.4 -0.011105 0.375 0.5 -1
0 19 11.5 -0.011103 0.375 0.5 -1
0 19 7.5 -0.011104 0.375 0.5 -1
0 9.1 1.7 -0.011105 0.375 0.5 -1
0 6.1 -5.4 -0.011105 0.375 0.5 -1
0 9.1 28.6 -0.011101 0.375 0.5 -1
0 6.097386 25.605639 -0.011101 0.375 0.5 -1
0 -9.1 28.6 -0.011101 0.375 0.5 -1
0 -6.105899 25.605333 -0.011101 0.375 0.5 -1
0 -9.1 1.6 -0.011105 0.375 0.5 -1
0 -6.107126 -5.4 -0.011105 0.375 0.5 -1
0 -18.999928 11.501 -0.011103 0.375 0.5 -1
0 -18.993473 7.5 -0.011104 0.375 0.5 -1
0 -29.1 1.4 -0.011104 0.375 0.5 -1
0 -25.1 1.4 -0.011105 0.375 0.5 -1
0 0 -27.800001 1.988891 0.375 0.5 -1
0 29.1 1.4 1.988895 0.375 0.5 -1
0 0 -23.700001 1.988892 0.375 0.5 -1
0 25.1 1.4 1.988895 0.375 0.5 -1
0 19 11.5 1.988897 0.375 0.5 -1
0 19 7.5 1.988896 0.375 0.5 -1
0 9.1 1.7 1.988895 0.375 0.5 -1
0 6.1 -5.4 1.988894 0.375 0.5 -1
0 9.1 28.6 1.988899 0.375 0.5 -1
0 6.097386 25.605639 1.988899 0.375 0.5 -1
0 -9.1 28.6 1.988899 0.375 0.5 -1
0 -6.105899 25.605333 1.988899 0.375 0.5 -1
0 -9.1 1.6 1.988895 0.375 0.5 -1
0 -6.107126 -5.4 1.988894 0.375 0.5 -1
0 -18.999928 11.501 1.988897 0.375 0.5 -1
0 -18.993473 7.5 1.988896 0.375 0.5 -1
0 -29.1 1.4 1.988895 0.375 0.5 -1
0 -25.1 1.4 1.988895 0.375 0.5 -1
0 -6.107126 -5.4 -0.011105 0.375 0.5 -1
0 -6.105899 25.605333 -0.011101 0.375 0.5 -1
0 -6.105899 25.605333 1.988899 0.375 0.5 -1
0 -6.107126 -5.4 1.988894 0.375 0.5 -1
0 -9.1 1.6 -0.011105 0.375 0.5 -1
0 -18.999928 11.501 -0.011103 0.375 0.5 -1
0 -18.999928 11.501 1.988897 0.375 0.5 -1
0 -9.1 1.6 1.988895 0.375 0.5 -1
0 -18.993473 7.5 -0.011104 0.375 0.5 -1
0 -6.107126 -5.4 -0.011105 0.375 0.5 -1
0 -6.107126 -5.4 1.988894 0.375 0.5 -1
0 -18.993473 7.5 1.988896 0.375 0.5 -1
0 -18.999928 11.501 -0.011103 0.375 0.5 -1
0 -29.1 1.4 -0.011104 0.375 0.5 -1
0 -29.1 1.4 1.988895 0.375 0.5 -1
0 -18.999928 11.501 1.988897 0.375 0.5 -1
0 0 -27.800001 -0.011108 0.375 0.5 -1
0 29.1 1.4 -0.011105 0.375 0.5 -1
0 29.1 1.4 1.988895 0.375 0.5 -1
0 0 -27.800001 1.988891 0.375 0.5 -1
0 -25.1 1.4 -0.011105 0.375 0.5 -1
0 -18.993473 7.5 -0.011104 0.375 0.5 -1
0 -18.993473 7.5 1.988896 0.375 0.5 -1
0 -25.1 1.4 1.988895 0.375 0.5 -1
0 -29.1 1.4 -0.011104 0.375 0.5 -1
0 0 -27.800001 -0.011108 0.375 0.5 -1
0 0 -27.800001 1.988891 0.375 0.5 -1
0 -29.1 1.4 1.988895 0.375 0.5 -1
0 29.1 1.4 -0.011105 0.375 0.5 -1
0 19 11.5 -0.011103 0.375 0.5 -1
0 19 11.5 1.988897 0.375 0.5 -1
0 29.1 1.4 1.988895 0.375 0.5 -1
0 0 -23.700001 -0.011108 0.375 0.5 -1
0 -25.1 1.4 -0.011105 0.375 0.5 -1
0 -25.1 1.4 1.988895 0.375 0.5 -1
0 0 -23.700001 1.988892 0.375 0.5 -1
0 19 7.5 -0.011104 0.375 0.5 -1
0 25.1 1.4 -0.011105 0.375 0.5 -1
0 25.1 1.4 1.988895 0.375 0.5 -1
0 19 7.5 1.988896 0.375 0.5 -1
0 19 11.5 -0.011103 0.375 0.5 -1
0 9.1 1.7 -0.011105 0.375 0.5 -1
0 9.1 1.7 1.988895 0.375 0.5 -1
0 19 11.5 1.988897 0.375 0.5 -1
0 25.1 1.4 -0.011105 0.375 0.5 -1
0 0 -23.700001 -0.011108 0.375 0.5 -1
0 0 -23.700001 1.988892 0.375 0.5 -1
0 25.1 1.4 1.988895 0.375 0.5 -1
0 6.1 -5.4 -0.011105 0.375 0.5 -1
0 19 7.5 -0.011104 0.375 0.5 -1
0 19 7.5 1.988896 0.375 0.5 -1
0 6.1 -5.4 1.988894 0.375 0.5 -1
0 9.1 1.7 -0.011105 0.375 0.5 -1
0 9.1 28.6 -0.011101 0.375 0.5 -1
0 9.1 28.6 1.988899 0.375 0.5 -1
0 9.1 1.7 1.988895 0.375 0.5 -1
0 6.097386 25.605639 -0.011101 0.375 0.5 -1
0 6.1 -5.4 -0.011105 0.375 0.5 -1
0 6.1 -5.4 1.988894 0.375 0.5 -1
0 6.097386 25.605639 1.988899 0.375 0.5 -1
0 9.1 28.6 -0.011101 0.375 0.5 -1
0 -9.1 28.6 -0.011101 0.375 0.5 -1
0 -9.1 28.6 1.988899 0.375 0.5 -1
0 9.1 28.6 1.988899 0.375 0.5 -1
0 -6.105899 25.605333 -0.011101 0.375 0.5 -1
0 6.097386 25.605639 -0.011101 0.375 0.5 -1
0 6.097386 25.605639 1.988899 0.375 0.5 -1
0 -6.105899 25.605333 1.988899 0.375 0.5 -1
0 -9.1 28.6 -0.011101 0.375 0.5 -1
0 -9.1 1.6 -0.011105 0.375 0.5 -1
0 -9.1 1.6 1.988895 0.375 0.5 -1
0 -9.1 28.6 1.988899 0.375 0.5 -1
0 25.1 1.4 -0.011105 0.625 0.5 -1
0 0 -23.700001 -0.011108 0.625 0.5 -1
0 0 -22.4 -0.011108 0.625 0.5 -1
0 23.800001 1.4 -0.011105 0.625 0.5 -1
0 19 7.5 -0.011104 0.625 0.5 -1
0 19 6.2 -0.011104 0.625 0.5 -1
0 6.1 -5.4 -0.011105 0.625 0.5 -1
0 5.2 -7.6 -0.011106 0.625 0.5 -1
0 6.097386 25.605639 -0.011101 0.625 0.5 -1
0 5.2 24.700001 -0.011101 0.625 0.5 -1
0 -6.105899 25.605333 -0.011101 0.625 0.5 -1
0 -5.2 24.700001 -0.011101 0.625 0.5 -1
0 -6.107126 -5.4 -0.011105 0.625 0.5 -1
0 -5.2 -7.6 -0.011106 0.625 0.5 -1
0 -18.993473 7.5 -0.011104 0.625 0.5 -1
0 -19 6.2 -0.011104 0.625 0.5 -1
0 -25.1 1.4 -0.011105 0.625 0.5 -1
0 -23.800001 1.4 -0.011105 0.625 0.5 -1
0 25.1 1.4 1.988895 0.625 0.5 -1
0 0 -22.4 1.988892 0.625 0.5 -1
0 0 -23.700001 1.988892 0.625 0.5 -1
0 23.800001 1.4 1.988895 0.625 0.5 -1
0 19 7.5 1.988896 0.625 0.5 -1
0 19 6.2 1.988896 0.625 0.5 -1
0 6.1 -5.4 1.988894 0.625 0.5 -1
0 5.2 -7.6 1.988894 0.625 0.5 -1
0 6.097386 25.605639 1.988899 0.625 0.5 -1
0 5.2 24.700001 1.988899 0.625 0.5 -1
0 -6.105899 25.605333 1.988899 0.625 0.5 -1
0 -5.2 24.700001 1.988899 0.625 0.5 -1
0 -6.107126 -5.4 1.988894 0.625 0.5 -1
0 -5.2 -7.6 1.988894 0.625 0.5 -1
0 -18.993473 7.5 1.988896 0.625 0.5 -1
0 -19 6.2 1.988896 0.625 0.5 -1
0 -25.1 1.4 1.988895 0.625 0.5 -1
0 -23.800001 1.4 1.988895 0.625 0.5 -1
0 19 6.2 -0.011104 0.625 0.5 -1
0 23.800001 1.4 -0.011105 0.625 0.5 -1
0 23.800001 1.4 1.988895 0.625 0.5 -1
0 19 6.2 1.988896 0.625 0.5 -1
0 6.097386 25.605639 -0.011101 0.625 0.5 -1
0 -6.105899 25.605333 -0.011101 0.625 0.5 -1
0 -6.105899 25.605333 1.988899 0.625 0.5 -1
0 6.097386 25.605639 1.988899 0.625 0.5 -1
0 5.2 -7.6 -0.011106 0.625 0.5 -1
0 19 6.2 -0.011104 0.625 0.5 -1
0 19 6.2 1.988896 0.625 0.5 -1
0 5.2 -7.6 1.988894 0.625 0.5 -1
0 -6.105899 25.605333 -0.011101 0.625 0.5 -1
0 -6.107126 -5.4 -0.011105 0.625 0.5 -1
0 -6.107126 -5.4 1.988894 0.625 0.5 -1
0 -6.105899 25.605333 1.988899 0.625 0.5 -1
0 5.2 24.700001 -0.011101 0.625 0.5 -1
0 5.2 -7.6 -0.011106 0.625 0.5 -1
0 5.2 -7.6 1.988894 0.625 0.5 -1
0 5.2 24.700001 1.988899 0.625 0.5 -1
0 -6.107126 -5.4 -0.011105 0.625 0.5 -1
0 -18.993473 7.5 -0.011104 0.625 0.5 -1
0 -18.993473 7.5 1.988896 0.625 0.5 -1
0 -6.107126 -5.4 1.988894 0.625 0.5 -1
0 -5.2 24.700001 -0.011101 0.625 0.5 -1
0 5.2 24.700001 -0.011101 0.625 0.5 -1
0 5.2 24.700001 1.988899 0.625 0.5 -1
0 -5.2 24.700001 1.988899 0.625 0.5 -1
0 -18.993473 7.5 -0.011104 0.625 0.5 -1
0 -25.1 1.4 -0.011105 0.625 0.5 -1
0 -25.1 1.4 1.988895 0.625 0.5 -1
0 -18.993473 7.5 1.988896 0.625 0.5 -1
0 -5.2 -7.6 -0.011106 0.625 0.5 -1
0 -5.2 24.700001 -0.011101 0.625 0.5 -1
0 -5.2 24.700001 1.988899 0.625 0.5 -1
0 -5.2 -7.6 1.988894 0.625 0.5 -1
0 -25.1 1.4 -0.011105 0.625 0.5 -1
0 0 -23.700001 -0.011108 0.625 0.5 -1
0 0 -23.700001 1.988892 0.625 0.5 -1
0 -25.1 1.4 1.988895 0.625 0.5 -1
0 25.1 1.4 -0.011105 0.625 0.5 -1
0 19 7.5 -0.011104 0.625 0.5 -1
0 19 7.5 1.988896 0.625 0.5 -1
0 25.1 1.4 1.988895 0.625 0.5 -1
0 -19 6.2 -0.011104 0.625 0.5 -1
0 -5.2 -7.6 -0.011106 0.625 0.5 -1
0 -5.2 -7.6 1.988894 0.625 0.5 -1
0 -19 6.2 1.988896 0.625 0.5 -1
0 0 -23.700001 -0.011108 0.625 0.5 -1
0 25.1 1.4 -0.011105 0.625 0.5 -1
0 25.1 1.4 1.988895 0.625 0.5 -1
0 0 -23.700001 1.988892 0.625 0.5 -1
0 19 7.5 -0.011104 0.625 0.5 -1
0 6.1 -5.4 -0.011105 0.625 0.5 -1
0 6.1 -5.4 1.988894 0.625 0.5 -1
0 19 7.5 1.988896 0.625 0.5 -1
0 -23.800001 1.4 -0.011105 0.625 0.5 -1
0 -19 6.2 -0.011104 0.625 0.5 -1
0 -19 6.2 1.988896 0.625 0.5 -1
0 -23.800001 1.4 1.988895 0.625 0.5 -1
0 23.800001 1.4 -0.011105 0.625 0.5 -1
0 0 -22.4 -0.011108 0.625 0.5 -1
0 0 -22.4 1.988892 0.625 0.5 -1
0 23.800001 1.4 1.988895 0.625 0.5 -1
0 6.1 -5.4 -0.011105 0.625 0.5 -1
0 6.097386 25.605639 -0.011101 0.625 0.5 -1
0 6.097386 25.605639 1.988899 0.625 0.5 -1
0 6.1 -5.4 1.988894 0.625 0.5 -1
0 0 -22.4 -0.011108 0.625 0.5 -1
0 -23.800001 1.4 -0.011105 0.625 0.5 -1
0 -23.800001 1.4 1.988895 0.625 0.5 -1
0 0 -22.4 1.988892 0.625 0.5 -1
0 -5.2 24.700001 -0.011101 0.875 0.5 -1
0 5.2 24.700001 -0.011101 0.875 0.5 -1
0 -5.2 -7.6 -0.011106 0.875 0.5 -1
0 5.2 -7.6 -0.011106 0.875 0.5 -1
0 19 6.2 -0.011104 0.875 0.5 -1
0 23.800001 1.4 -0.011105 0.875 0.5 -1
0 0 -22.4 -0.011108 0.875 0.5 -1
0 -23.800001 1.4 -0.011105 0.875 0.5 -1
0 -19 6.2 -0.011104 0.875 0.5 -1
0 -5.2 24.700001 1.988899 0.875 0.5 -1
0 -5.2 -7.6 1.988894 0.875 0.5 -1
0 5.2 24.700001 1.988899 0.875 0.5 -1
0 5.2 -7.6 1.988894 0.875 0.5 -1
0 19 6.2 1.988896 0.875 0.5 -1
0 23.800001 1.4 1.988895 0.875 0.5 -1
0 0 -22.4 1.988892 0.875 0.5 -1
0 -23.800001 1.4 1.988895 0.875 0.5 -1
0 -19 6.2 1.988896 0.875 0.5 -1
0 0 -22.4 -0.011108 0.875 0.5 -1
0 23.800001 1.4 -0.011105 0.875 0.5 -1
0 23.800001 1.4 1.988895 0.875 0.5 -1
0 0 -22.4 1.988892 0.875 0.5 -1
0 -19 6.2 -0.011104 0.875 0.5 -1
0 -23.800001 1.4 -0.011105 0.875 0.5 -1
0 -23.800001 1.4 1.988895 0.875 0.5 -1
0 -19 6.2 1.988896 0.875 0.5 -1
0 5.2 24.700001 -0.011101 0.875 0.5 -1
0 -5.2 24.700001 -0.011101 0.875 0.5 -1
0 -5.2 24.700001 1.988899 0.875 0.5 -1
0 5.2 24.700001 1.988899 0.875 0.5 -1
0 23.800001 1.4 -0.011105 0.875 0.5 -1
0 19 6.2 -0.011104 0.875 0.5 -1
0 19 6.2 1.988896 0.875 0.5 -1
0 23.800001 1.4 1.988895 0.875 0.5 -1
0 -23.800001 1.4 -0.011105 0.875 0.5 -1
0 0 -22.4 -0.011108 0.875 0.5 -1
0 0 -22.4 1.988892 0.875 0.5 -1
0 -23.800001 1.4 1.988895 0.875 0.5 -1
0 -5.2 24.700001 -0.011101 0.875 0.5 -1
0 -5.2 -7.6 -0.011106 0.875 0.5 -1
0 -5.2 -7.6 1.988894 0.875 0.5 -1
0 -5.2 24.700001 1.988899 0.875 0.5 -1
0 19 6.2 -0.011104 0.875 0.5 -1
0 5.2 -7.6 -0.011106 0.875 0.5 -1
0 5.2 -7.6 1.988894 0.875 0.5 -1
0 19 6.2 1.988896 0.875 0.5 -1
0 -5.2 -7.6 -0.011106 0.875 0.5 -1
0 -19 6.2 -0.011104 0.875 0.5 -1
0 -19 6.2 1.988896 0.875 0.5 -1
0 -5.2 -7.6 1.988894 0.875 0.5 -1
0 5.2 -7.6 -0.011106 0.875 0.5 -1
0 5.2 24.700001 -0.011101 0.875 0.5 -1
0 5.2 24.700001 1.988899 0.875 0.5 -1
0 5.2 -7.6 1.988894 0.875 0.5 -1
78
0.0288 -0.0288 -0.9992
0.0277 -0.0276 -0.9992
0.0277 0.0277 -0.9992
-0.0278 0.0278 -0.9992
-0.0282 0.0285 -0.9992
0.0411 0 -0.9992
0.0409 0 -0.9992
0 0.0409 -0.9992
-0.0409 0 -0.9992
0.0278 0.0277 -0.9992
-0.0277 0.0277 -0.9992
-0.0277 -0.0276 -0.9992
-0.0288 -0.0288 -0.9992
-0.0288 0.0288 0.9992
-0.0277 0.0276 0.9992
-0.0277 -0.0277 0.9992
0.0278 -0.0278 0.9992
0.0282 -0.0285 0.9992
-0.0411 0 0.9992
-0.0409 0 0.9992
0 -0.0409 0.9992
0.0409 0 0.9992
-0.0278 -0.0277 0.9992
0.0277 -0.0277 0.9992
0.0277 0.0276 0.9992
0.0288 0.0288 0.9992
0 1 0
-1 0 0
0 -1 0
0.7071 0.7071 0
1 0 0
-0.7071 0.7071 0
-0.7083 0.7059 0
-0.7071 -0.7071 0
0.7073 0.7069 0
0.7071 -0.7071 0
-0.7065 0.7077 0
0.7083 0.7059 0
1 -0.0003 0
0.7035 -0.7107 0
0 0 -1
0 0 1
1 0 0
0.7071 0.7071 0
-0.7075 -0.7067 0
-0.7071 0.7071 0
0.7083 -0.7059 0
0.7067 -0.7075 0
-0.7083 -0.7059 0
-0.7071 -0.7071 0
-0.7035 0.7107 0
0.7071 -0.7071 0
-1 -0.0001 0
0 1 0
0 -1 0
-1 0 0
0 0 -1
0 0 1
-0.7071 -0.7071 0
0 1 0
0.7071 -0.7071 0
-1 0 0
0.7075 0.7067 0
0 -1 0
-0.7067 0.7075 0
1 0 0
0.7071 0.7071 0
-0.7071 0.7071 0
1 0.0001 0
0 0 -1
0 0 1
0.7071 -0.7071 0
-0.7071 0.7071 0
0 1 0
0.7071 0.7071 0
-0.7071 -0.7071 0
-1 0 0
1 0 0
72
0 164 165 166 40 40 40 1
0 165 167 166 40 40 40 1
0 166 167 168 40 40 40 1
0 167 169 168 40 40 40 1
0 168 169 170 40 40 40 1
0 169 171 170 40 40 40 1
0 170 171 172 40 40 40 1
0 171 173 172 40 40 40 1
0 172 173 174 40 40 40 1
0 173 175 174 40 40 40 1
0 174 175 176 40 40 40 1
0 175 177 176 40 40 40 1
0 176 177 178 40 40 40 1
0 177 179 178 40 40 40 1
0 178 179 180 40 40 40 1
0 179 181 180 40 40 40 1
0 165 180 181 40 40 40 1
0 180 165 164 40 40 40 1
0 182 183 184 41 41 41 1
0 184 183 185 41 41 41 1
0 183 186 185 41 41 41 1
0 185 186 187 41 41 41 1
0 186 188 187 41 41 41 1
0 187 188 189 41 41 41 1
0 188 190 189 41 41 41 1
0 189 190 191 41 41 41 1
0 190 192 191 41 41 41 1
0 191 192 193 41 41 41 1
0 192 194 193 41 41 41 1
0 193 194 195 41 41 41 1
0 194 196 195 41 41 41 1
0 195 196 197 41 41 41 1
0 196 198 197 41 41 41 1
0 197 198 199 41 41 41 1
0 184 199 198 41 41 41 1
0 198 182 184 41 41 41 1
0 200 201 202 42 42 42 1
0 200 202 203 42 42 42 1
0 204 205 206 43 43 43 1
0 204 206 207 43 43 43 1
0 208 209 210 44 44 44 1
0 208 210 211 44 44 44 1
0 212 213 214 45 45 45 1
0 212 214 215 45 45 45 1
0 216 217 218 46 46 46 1
0 216 218 219 46 46 46 1
0 220 221 222 47 47 47 1
0 220 222 223 47 47 47 1
0 224 225 226 48 48 48 1
0 224 226 227 48 48 48 1
0 228 229 230 43 43 43 1
0 228 230 231 43 43 43 1
0 232 233 234 43 43 43 1
0 232 234 235 43 43 43 1
0 236 237 238 49 49 49 1
0 236 238 239 49 49 49 1
0 240 241 242 50 50 50 1
0 240 242 243 50 50 50 1
0 244 245 246 45 45 45 1
0 244 246 247 45 45 45 1
0 248 249 250 51 51 51 1
0 248 250 251 51 51 51 1
0 252 253 254 42 42 42 1
0 252 254 255 42 42 42 1
0 256 257 258 52 52 52 1
0 256 258 259 52 52 52 1
0 260 261 262 53 53 53 1
0 260 262 263 53 53 53 1
0 264 265 266 54 54 54 1
0 264 266 267 54 54 54 1
0 268 269 270 55 55 55 1
0 268 270 271 55 55 55 1
"Inline_Plane.002" 0 1
434
0 0 -30.5 0.066619 0.125 0.5 -1
0 0 -27.800001 -0.011108 0.125 0.5 -1
0 31.9 1.4 0.066624 0.125 0.5 -1
0 0 -27.800001 -0.011108 0.125 0.5 -1
0 29.1 1.4 -0.011105 0.125 0.5 -1
0 31.9 1.4 0.066624 0.125 0.5 -1
0 31.9 1.4 0.066624 0.125 0.5 -1
0 29.1 1.4 -0.011105 0.125 0.5 -1
0 19.006739 14.3 0.066625 0.125 0.5 -1
0 19 11.5 -0.011103 0.125 0.5 -1
0 19.006739 14.3 0.066625 0.125 0.5 -1
0 19 11.5 -0.011103 0.125 0.5 -1
0 10.99234 6.3 0.066624 0.125 0.5 -1
0 19 11.5 -0.011103 0.125 0.5 -1
0 9.1 1.7 -0.011105 0.125 0.5 -1
0 10.99234 6.3 0.066624 0.125 0.5 -1
0 10.99234 6.3 0.066624 0.125 0.5 -1
0 9.1 1.7 -0.011105 0.125 0.5 -1
0 11 30.5 0.066628 0.125 0.5 -1
0 9.1 1.7 -0.011105 0.125 0.5 -1
0 9.1 28.6 -0.011101 0.125 0.5 -1
0 11 30.5 0.066628 0.125 0.5 -1
0 11 30.5 0.066628 0.125 0.5 -1
0 9.1 28.6 -0.011101 0.125 0.5 -1
0 -11 30.5 0.066628 0.125 0.5 -1
0 -9.1 28.6 -0.011101 0.125 0.5 -1
0 -11 30.5 0.066628 0.125 0.5 -1
0 -9.1 28.6 -0.011101 0.125 0.5 -1
0 -11 6.3 0.066624 0.125 0.5 -1
0 -9.1 1.6 -0.011105 0.125 0.5 -1
0 -11 6.3 0.066624 0.125 0.5 -1
0 -9.1 1.6 -0.011105 0.125 0.5 -1
0 -19 14.3 0.066626 0.125 0.5 -1
0 -9.1 1.6 -0.011105 0.125 0.5 -1
0 -18.999928 11.501 -0.011103 0.125 0.5 -1
0 -19 14.3 0.066626 0.125 0.5 -1
0 -19 14.3 0.066626 0.125 0.5 -1
0 -18.999928 11.501 -0.011103 0.125 0.5 -1
0 -31.9 1.4 0.066624 0.125 0.5 -1
0 -29.1 1.4 -0.011104 0.125 0.5 -1
0 0 -27.800001 -0.011108 0.125 0.5 -1
0 -31.9 1.4 0.066624 0.125 0.5 -1
0 -29.1 1.4 -0.011104 0.125 0.5 -1
0 -31.9 1.4 0.066624 0.125 0.5 -1
0 0 -27.800001 -0.011108 0.125 0.5 -1
0 0 -30.5 0.066619 0.125 0.5 -1
0 0 -30.5 2.066619 0.125 0.5 -1
0 31.9 1.4 2.066624 0.125 0.5 -1
0 0 -27.800001 1.988891 0.125 0.5 -1
0 0 -27.800001 1.988891 0.125 0.5 -1
0 31.9 1.4 2.066624 0.125 0.5 -1
0 29.1 1.4 1.988895 0.125 0.5 -1
0 31.9 1.4 2.066624 0.125 0.5 -1
0 19.006739 14.3 2.066625 0.125 0.5 -1
0 29.1 1.4 1.988895 0.125 0.5 -1
0 19 11.5 1.988897 0.125 0.5 -1
0 19.006739 14.3 2.066625 0.125 0.5 -1
0 10.99234 6.3 2.066624 0.125 0.5 -1
0 19 11.5 1.988897 0.125 0.5 -1
0 19 11.5 1.988897 0.125 0.5 -1
0 10.99234 6.3 2.066624 0.125 0.5 -1
0 9.1 1.7 1.988895 0.125 0.5 -1
0 10.99234 6.3 2.066624 0.125 0.5 -1
0 11 30.5 2.066628 0.125 0.5 -1
0 9.1 1.7 1.988895 0.125 0.5 -1
0 9.1 1.7 1.988895 0.125 0.5 -1
0 11 30.5 2.066628 0.125 0.5 -1
0 9.1 28.6 1.988899 0.125 0.5 -1
0 11 30.5 2.066628 0.125 0.5 -1
0 -11 30.5 2.066628 0.125 0.5 -1
0 9.1 28.6 1.988899 0.125 0.5 -1
0 -9.1 28.6 1.988899 0.125 0.5 -1
0 -11 30.5 2.066628 0.125 0.5 -1
0 -11 6.3 2.066624 0.125 0.5 -1
0 -9.1 28.6 1.988899 0.125 0.5 -1
0 -9.1 1.6 1.988895 0.125 0.5 -1
0 -11 6.3 2.066624 0.125 0.5 -1
0 -19 14.3 2.066625 0.125 0.5 -1
0 -9.1 1.6 1.988895 0.125 0.5 -1
0 -9.1 1.6 1.988895 0.125 0.5 -1
0 -19 14.3 2.066625 0.125 0.5 -1
0 -18.999928 11.501 1.988897 0.125 0.5 -1
0 -19 14.3 2.066625 0.125 0.5 -1
0 -31.9 1.4 2.066624 0.125 0.5 -1
0 -18.999928 11.501 1.988897 0.125 0.5 -1
0 -29.1 1.4 1.988895 0.125 0.5 -1
0 0 -27.800001 1.988891 0.125 0.5 -1
0 -29.1 1.4 1.988895 0.125 0.5 -1
0 -31.9 1.4 2.066624 0.125 0.5 -1
0 -31.9 1.4 2.066624 0.125 0.5 -1
0 0 -30.5 2.066619 0.125 0.5 -1
0 0 -27.800001 1.988891 0.125 0.5 -1
0 11 30.5 0.066628 0.125 0.5 -1
0 -11 30.5 0.066628 0.125 0.5 -1
0 -11 30.5 2.066628 0.125 0.5 -1
0 11 30.5 2.066628 0.125 0.5 -1
0 9.1 28.6 -0.011101 0.125 0.5 -1
0 9.1 1.7 -0.011105 0.125 0.5 -1
0 9.1 1.7 1.988895 0.125 0.5 -1
0 9.1 28.6 1.988899 0.125 0.5 -1
0 -11 30.5 0.066628 0.125 0.5 -1
0 -11 6.3 0.066624 0.125 0.5 -1
0 -11 6.3 2.066624 0.125 0.5 -1
0 -11 30.5 2.066628 0.125 0.5 -1
0 -9.1 28.6 -0.011101 0.125 0.5 -1
0 9.1 28.6 -0.011101 0.125 0.5 -1
0 9.1 28.6 1.988899 0.125 0.5 -1
0 -9.1 28.6 1.988899 0.125 0.5 -1
0 -11 6.3 0.066624 0.125 0.5 -1
0 -19 14.3 0.066626 0.125 0.5 -1
0 -19 14.3 2.066625 0.125 0.5 -1
0 -11 6.3 2.066624 0.125 0.5 -1
0 -9.1 1.6 -0.011105 0.125 0.5 -1
0 -9.1 28.6 -0.011101 0.125 0.5 -1
0 -9.1 28.6 1.988899 0.125 0.5 -1
0 -9.1 1.6 1.988895 0.125 0.5 -1
0 -19 14.3 0.066626 0.125 0.5 -1
0 -31.9 1.4 0.066624 0.125 0.5 -1
0 -31.9 1.4 2.066624 0.125 0.5 -1
0 -19 14.3 2.066625 0.125 0.5 -1
0 29.1 1.4 -0.011105 0.125 0.5 -1
0 0 -27.800001 -0.011108 0.125 0.5 -1
0 0 -27.800001 1.988891 0.125 0.5 -1
0 29.1 1.4 1.988895 0.125 0.5 -1
0 -18.999928 11.501 -0.011103 0.125 0.5 -1
0 -9.1 1.6 -0.011105 0.125 0.5 -1
0 -9.1 1.6 1.988895 0.125 0.5 -1
0 -18.999928 11.501 1.988897 0.125 0.5 -1
0 -31.9 1.4 0.066624 0.125 0.5 -1
0 0 -30.5 0.066619 0.125 0.5 -1
0 0 -30.5 2.066619 0.125 0.5 -1
0 -31.9 1.4 2.066624 0.125 0.5 -1
0 31.9 1.4 0.066624 0.125 0.5 -1
0 19.006739 14.3 0.066625 0.125 0.5 -1
0 19.006739 14.3 2.066625 0.125 0.5 -1
0 31.9 1.4 2.066624 0.125 0.5 -1
0 -29.1 1.4 -0.011104 0.125 0.5 -1
0 -18.999928 11.501 -0.011103 0.125 0.5 -1
0 -18.999928 11.501 1.988897 0.125 0.5 -1
0 -29.1 1.4 1.988895 0.125 0.5 -1
0 0 -30.5 0.066619 0.125 0.5 -1
0 31.9 1.4 0.066624 0.125 0.5 -1
0 31.9 1.4 2.066624 0.125 0.5 -1
0 0 -30.5 2.066619 0.125 0.5 -1
0 19.006739 14.3 0.066625 0.125 0.5 -1
0 10.99234 6.3 0.066624 0.125 0.5 -1
0 10.99234 6.3 2.066624 0.125 0.5 -1
0 19.006739 14.3 2.066625 0.125 0.5 -1
0 0 -27.800001 -0.011108 0.125 0.5 -1
0 -29.1 1.4 -0.011104 0.125 0.5 -1
0 -29.1 1.4 1.988895 0.125 0.5 -1
0 0 -27.800001 1.988891 0.125 0.5 -1
0 19 11.5 -0.011103 0.125 0.5 -1
0 29.1 1.4 -0.011105 0.125 0.5 -1
0 29.1 1.4 1.988895 0.125 0.5 -1
0 19 11.5 1.988897 0.125 0.5 -1
0 10.99234 6.3 0.066624 0.125 0.5 -1
0 11 30.5 0.066628 0.125 0.5 -1
0 11 30.5 2.066628 0.125 0.5 -1
0 10.99234 6.3 2.066624 0.125 0.5 -1
0 9.1 1.7 -0.011105 0.125 0.5 -1
0 19 11.5 -0.011103 0.125 0.5 -1
0 19 11.5 1.988897 0.125 0.5 -1
0 9.1 1.7 1.988895 0.125 0.5 -1
0 0 -27.800001 -0.011108 0.375 0.5 -1
0 0 -23.700001 -0.011108 0.375 0.5 -1
0 29.1 1.4 -0.011105 0.375 0.5 -1
0 25.1 1.4 -0.011105 0.375 0.5 -1
0 19 11.5 -0.011103 0.375 0.5 -1
0 19 7.5 -0.011104 0.375 0.5 -1
0 9.1 1.7 -0.011105 0.375 0.5 -1
0 6.1 -5.4 -0.011105 0.375 0.5 -1
0 9.1 28.6 -0.011101 0.375 0.5 -1
0 6.097386 25.605639 -0.011101 0.375 0.5 -1
0 -9.1 28.6 -0.011101 0.375 0.5 -1
0 -6.105899 25.605333 -0.011101 0.375 0.5 -1
0 -9.1 1.6 -0.011105 0.375 0.5 -1
0 -6.107126 -5.4 -0.011105 0.375 0.5 -1
0 -18.999928 11.501 -0.011103 0.375 0.5 -1
0 -18.993473 7.5 -0.011104 0.375 0.5 -1
0 -29.1 1.4 -0.011104 0.375 0.5 -1
0 -25.1 1.4 -0.011105 0.375 0.5 -1
0 0 -27.800001 1.988891 0.375 0.5 -1
0 29.1 1.4 1.988895 0.375 0.5 -1
0 0 -23.700001 1.988892 0.375 0.5 -1
0 25.1 1.4 1.988895 0.375 0.5 -1
0 19 11.5 1.988897 0.375 0.5 -1
0 19 7.5 1.988896 0.375 0.5 -1
0 9.1 1.7 1.988895 0.375 0.5 -1
0 6.1 -5.4 1.988894 0.375 0.5 -1
0 9.1 28.6 1.988899 0.375 0.5 -1
0 6.097386 25.605639 1.988899 0.375 0.5 -1
0 -9.1 28.6 1.988899 0.375 0.5 -1
0 -6.105899 25.605333 1.988899 0.375 0.5 -1
0 -9.1 1.6 1.988895 0.375 0.5 -1
0 -6.107126 -5.4 1.988894 0.375 0.5 -1
0 -18.999928 11.501 1.988897 0.375 0.5 -1
0 -18.993473 7.5 1.988896 0.375 0.5 -1
0 -29.1 1.4 1.988895 0.375 0.5 -1
0 -25.1 1.4 1.988895 0.375 0.5 -1
0 -6.107126 -5.4 -0.011105 0.375 0.5 -1
0 -6.105899 25.605333 -0.011101 0.375 0.5 -1
0 -6.105899 25.605333 1.988899 0.375 0.5 -1
0 -6.107126 -5.4 1.988894 0.375 0.5 -1
0 -9.1 1.6 -0.011105 0.375 0.5 -1
0 -18.999928 11.501 -0.011103 0.375 0.5 -1
0 -18.999928 11.501 1.988897 0.375 0.5 -1
0 -9.1 1.6 1.988895 0.375 0.5 -1
0 -18.993473 7.5 -0.011104 0.375 0.5 -1
0 -6.107126 -5.4 -0.011105 0.375 0.5 -1
0 -6.107126 -5.4 1.988894 0.375 0.5 -1
0 -18.993473 7.5 1.988896 0.375 0.5 -1
0 -18.999928 11.501 -0.011103 0.375 0.5 -1
0 -29.1 1.4 -0.011104 0.375 0.5 -1
0 -29.1 1.4 1.988895 0.375 0.5 -1
0 -18.999928 11.501 1.988897 0.375 0.5 -1
0 0 -27.800001 -0.011108 0.375 0.5 -1
0 29.1 1.4 -0.011105 0.375 0.5 -1
0 29.1 1.4 1.988895 0.375 0.5 -1
0 0 -27.800001 1.988891 0.375 0.5 -1
0 -25.1 1.4 -0.011105 0.375 0.5 -1
0 -18.993473 7.5 -0.011104 0.375 0.5 -1
0 -18.993473 7.5 1.988896 0.375 0.5 -1
0 -25.1 1.4 1.988895 0.375 0.5 -1
0 -29.1 1.4 -0.011104 0.375 0.5 -1
0 0 -27.800001 -0.011108 0.375 0.5 -1
0 0 -27.800001 1.988891 0.375 0.5 -1
0 -29.1 1.4 1.988895 0.375 0.5 -1
0 29.1 1.4 -0.011105 0.375 0.5 -1
0 19 11.5 -0.011103 0.375 0.5 -1
0 19 11.5 1.988897 0.375 0.5 -1
0 29.1 1.4 1.988895 0.375 0.5 -1
0 0 -23.700001 -0.011108 0.375 0.5 -1
0 -25.1 1.4 -0.011105 0.375 0.5 -1
0 -25.1 1.4 1.988895 0.375 0.5 -1
0 0 -23.700001 1.988892 0.375 0.5 -1
0 19 7.5 -0.011104 0.375 0.5 -1
0 25.1 1.4 -0.011105 0.375 0.5 -1
0 25.1 1.4 1.988895 0.375 0.5 -1
0 19 7.5 1.988896 0.375 0.5 -1
0 19 11.5 -0.011103 0.375 0.5 -1
0 9.1 1.7 -0.011105 0.375 0.5 -1
0 9.1 1.7 1.988895 0.375 0.5 -1
0 19 11.5 1.988897 0.375 0.5 -1
0 25.1 1.4 -0.011105 0.375 0.5 -1
0 0 -23.700001 -0.011108 0.375 0.5 -1
0 0 -23.700001 1.988892 0.375 0.5 -1
0 25.1 1.4 1.988895 0.375 0.5 -1
0 6.1 -5.4 -0.011105 0.375 0.5 -1
0 19 7.5 -0.011104 0.375 0.5 -1
0 19 7.5 1.988896 0.375 0.5 -1
0 6.1 -5.4 1.988894 0.375 0.5 -1
0 9.1 1.7 -0.011105 0.375 0.5 -1
0 9.1 28.6 -0.011101 0.375 0.5 -1
0 9.1 28.6 1.988899 0.375 0.5 -1
0 9.1 1.7 1.988895 0.375 0.5 -1
0 6.097386 25.605639 -0.011101 0.375 0.5 -1
0 6.1 -5.4 -0.011105 0.375 0.5 -1
0 6.1 -5.4 1.988894 0.375 0.5 -1
0 6.097386 25.605639 1.988899 0.375 0.5 -1
0 9.1 28.6 -0.011101 0.375 0.5 -1
0 -9.1 28.6 -0.011101 0.375 0.5 -1
0 -9.1 28.6 1.988899 0.375 0.5 -1
0 9.1 28.6 1.988899 0.375 0.5 -1
0 -6.105899 25.605333 -0.011101 0.375 0.5 -1
0 6.097386 25.605639 -0.011101 0.375 0.5 -1
0 6.097386 25.605639 1.988899 0.375 0.5 -1
0 -6.105899 25.605333 1.988899 0.375 0.5 -1
0 -9.1 28.6 -0.011101 0.375 0.5 -1
0 -9.1 1.6 -0.011105 0.375 0.5 -1
0 -9.1 1.6 1.988895 0.375 0.5 -1
0 -9.1 28.6 1.988899 0.375 0.5 -1
0 25.1 1.4 -0.011105 0.625 0.5 -1
0 0 -23.700001 -0.011108 0.625 0.5 -1
0 0 -22.4 -0.011108 0.625 0.5 -1
0 23.800001 1.4 -0.011105 0.625 0.5 -1
0 19 7.5 -0.011104 0.625 0.5 -1
0 19 6.2 -0.011104 0.625 0.5 -1
0 6.1 -5.4 -0.011105 0.625 0.5 -1
0 5.2 -7.6 -0.011106 0.625 0.5 -1
0 6.097386 25.605639 -0.011101 0.625 0.5 -1
0 5.2 24.700001 -0.011101 0.625 0.5 -1
0 -6.105899 25.605333 -0.011101 0.625 0.5 -1
0 -5.2 24.700001 -0.011101 0.625 0.5 -1
0 -6.107126 -5.4 -0.011105 0.625 0.5 -1
0 -5.2 -7.6 -0.011106 0.625 0.5 -1
0 -18.993473 7.5 -0.011104 0.625 0.5 -1
0 -19 6.2 -0.011104 0.625 0.5 -1
0 -25.1 1.4 -0.011105 0.625 0.5 -1
0 -23.800001 1.4 -0.011105 0.625 0.5 -1
0 25.1 1.4 1.988895 0.625 0.5 -1
0 0 -22.4 1.988892 0.625 0.5 -1
0 0 -23.700001 1.988892 0.625 0.5 -1
0 23.800001 1.4 1.988895 0.625 0.5 -1
0 19 7.5 1.988896 0.625 0.5 -1
0 19 6.2 1.988896 0.625 0.5 -1
0 6.1 -5.4 1.988894 0.625 0.5 -1
0 5.2 -7.6 1.988894 0.625 0.5 -1
0 6.097386 25.605639 1.988899 0.625 0.5 -1
0 5.2 24.700001 1.988899 0.625 0.5 -1
0 -6.105899 25.605333 1.988899 0.625 0.5 -1
0 -5.2 24.700001 1.988899 0.625 0.5 -1
0 -6.107126 -5.4 1.988894 0.625 0.5 -1
0 -5.2 -7.6 1.988894 0.625 0.5 -1
0 -18.993473 7.5 1.988896 0.625 0.5 -1
0 -19 6.2 1.988896 0.625 0.5 -1
0 -25.1 1.4 1.988895 0.625 0.5 -1
0 -23.800001 1.4 1.988895 0.625 0.5 -1
0 19 6.2 -0.011104 0.625 0.5 -1
0 23.800001 1.4 -0.011105 0.625 0.5 -1
0 23.800001 1.4 1.988895 0.625 0.5 -1
0 19 6.2 1.988896 0.625 0.5 -1
0 6.097386 25.605639 -0.011101 0.625 0.5 -1
0 -6.105899 25.605333 -0.011101 0.625 0.5 -1
0 -6.105899 25.605333 1.988899 0.625 0.5 -1
0 6.097386 25.605639 1.988899 0.625 0.5 -1
0 5.2 -7.6 -0.011106 0.625 0.5 -1
0 19 6.2 -0.011104 0.625 0.5 -1
0 19 6.2 1.988896 0.625 0.5 -1
0 5.2 -7.6 1.988894 0.625 0.5 -1
0 -6.105899 25.605333 -0.011101 0.625 0.5 -1
0 -6.107126 -5.4 -0.011105 0.625 0.5 -1
0 -6.107126 -5.4 1.988894 0.625 0.5 -1
0 -6.105899 25.605333 1.988899 0.625 0.5 -1
0 5.2 24.700001 -0.011101 0.625 0.5 -1
0 5.2 -7.6 -0.011106 0.625 0.5 -1
0 5.2 -7.6 1.988894 0.625 0.5 -1
0 5.2 24.700001 1.988899 0.625 0.5 -1
0 -6.107126 -5.4 -0.011105 0.625 0.5 -1
0 -18.993473 7.5 -0.011104 0.625 0.5 -1
0 -18.993473 7.5 1.988896 0.625 0.5 -1
0 -6.107126 -5.4 1.988894 0.625 0.5 -1
0 -5.2 24.700001 -0.011101 0.625 0.5 -1
0 5.2 24.700001 -0.011101 0.625 0.5 -1
0 5.2 24.700001 1.988899 0.625 0.5 -1
0 -5.2 24.700001 1.988899 0.625 0.5 -1
0 -18.993473 7.5 -0.011104 0.625 0.5 -1
0 -25.1 1.4 -0.011105 0.625 0.5 -1
0 -25.1 1.4 1.988895 0.625 0.5 -1
0 -18.993473 7.5 1.988896 0.625 0.5 -1
0 -5.2 -7.6 -0.011106 0.625 0.5 -1
0 -5.2 24.700001 -0.011101 0.625 0.5 -1
0 -5.2 24.700001 1.988899 0.625 0.5 -1
0 -5.2 -7.6 1.988894 0.625 0.5 -1
0 -25.1 1.4 -0.011105 0.625 0.5 -1
0 0 -23.700001 -0.011108 0.625 0.5 -1
0 0 -23.700001 1.988892 0.625 0.5 -1
0 -25.1 1.4 1.988895 0.625 0.5 -1
0 25.1 1.4 -0.011105 0.625 0.5 -1
0 19 7.5 -0.011104 0.625 0.5 -1
0 19 7.5 1.988896 0.625 0.5 -1
0 25.1 1.4 1.988895 0.625 0.5 -1
0 -19 6.2 -0.011104 0.625 0.5 -1
0 -5.2 -7.6 -0.011106 0.625 0.5 -1
0 -5.2 -7.6 1.988894 0.625 0.5 -1
0 -19 6.2 1.988896 0.625 0.5 -1
0 0 -23.700001 -0.011108 0.625 0.5 -1
0 25.1 1.4 -0.011105 0.625 0.5 -1
0 25.1 1.4 1.988895 0.625 0.5 -1
0 0 -23.700001 1.988892 0.625 0.5 -1
0 19 7.5 -0.011104 0.625 0.5 -1
0 6.1 -5.4 -0.011105 0.625 0.5 -1
0 6.1 -5.4 1.988894 0.625 0.5 -1
0 19 7.5 1.988896 0.625 0.5 -1
0 -23.800001 1.4 -0.011105 0.625 0.5 -1
0 -19 6.2 -0.011104 0.625 0.5 -1
0 -19 6.2 1.988896 0.625 0.5 -1
0 -23.800001 1.4 1.988895 0.625 0.5 -1
0 23.800001 1.4 -0.011105 0.625 0.5 -1
0 0 -22.4 -0.011108 0.625 0.5 -1
0 0 -22.4 1.988892 0.625 0.5 -1
0 23.800001 1.4 1.988895 0.625 0.5 -1
0 6.1 -5.4 -0.011105 0.625 0.5 -1
0 6.097386 25.605639 -0.011101 0.625 0.5 -1
0 6.097386 25.605639 1.988899 0.625 0.5 -1
0 6.1 -5.4 1.988894 0.625 0.5 -1
0 0 -22.4 -0.011108 0.625 0.5 -1
0 -23.800001 1.4 -0.011105 0.625 0.5 -1
0 -23.800001 1.4 1.988895 0.625 0.5 -1
0 0 -22.4 1.988892 0.625 0.5 -1
0 -5.2 24.700001 -0.011101 0.875 0.5 -1
0 5.2 24.700001 -0.011101 0.875 0.5 -1
0 -5.2 -7.6 -0.011106 0.875 0.5 -1
0 5.2 -7.6 -0.011106 0.875 0.5 -1
0 19 6.2 -0.011104 0.875 0.5 -1
0 23.800001 1.4 -0.011105 0.875 0.5 -1
0 0 -22.4 -0.011108 0.875 0.5 -1
0 -23.800001 1.4 -0.011105 0.875 0.5 -1
0 -19 6.2 -0.011104 0.875 0.5 -1
0 -5.2 24.700001 1.988899 0.875 0.5 -1
0 -5.2 -7.6 1.988894 0.875 0.5 -1
0 5.2 24.700001 1.988899 0.875 0.5 -1
0 5.2 -7.6 1.988894 0.875 0.5 -1
0 19 6.2 1.988896 0.875 0.5 -1
0 23.800001 1.4 1.988895 0.875 0.5 -1
0 0 -22.4 1.988892 0.875 0.5 -1
0 -23.800001 1.4 1.988895 0.875 0.5 -1
0 -19 6.2 1.988896 0.875 0.5 -1
0 0 -22.4 -0.011108 0.875 0.5 -1
0 23.800001 1.4 -0.011105 0.875 0.5 -1
0 23.800001 1.4 1.988895 0.875 0.5 -1
0 0 -22.4 1.988892 0.875 0.5 -1
0 -19 6.2 -0.011104 0.875 0.5 -1
0 -23.800001 1.4 -0.011105 0.875 0.5 -1
0 -23.800001 1.4 1.988895 0.875 0.5 -1
0 -19 6.2 1.988896 0.875 0.5 -1
0 5.2 24.700001 -0.011101 0.875 0.5 -1
0 -5.2 24.700001 -0.011101 0.875 0.5 -1
0 -5.2 24.700001 1.988899 0.875 0.5 -1
0 5.2 24.700001 1.988899 0.875 0.5 -1
0 23.800001 1.4 -0.011105 0.875 0.5 -1
0 19 6.2 -0.011104 0.875 0.5 -1
0 19 6.2 1.988896 0.875 0.5 -1
0 23.800001 1.4 1.988895 0.875 0.5 -1
0 -23.800001 1.4 -0.011105 0.875 0.5 -1
0 0 -22.4 -0.011108 0.875 0.5 -1
0 0 -22.4 1.988892 0.875 0.5 -1
0 -23.800001 1.4 1.988895 0.875 0.5 -1
0 -5.2 24.700001 -0.011101 0.875 0.5 -1
0 -5.2 -7.6 -0.011106 0.875 0.5 -1
0 -5.2 -7.6 1.988894 0.875 0.5 -1
0 -5.2 24.700001 1.988899 0.875 0.5 -1
0 19 6.2 -0.011104 0.875 0.5 -1
0 5.2 -7.6 -0.011106 0.875 0.5 -1
0 5.2 -7.6 1.988894 0.875 0.5 -1
0 19 6.2 1.988896 0.875 0.5 -1
0 -5.2 -7.6 -0.011106 0.875 0.5 -1
0 -19 6.2 -0.011104 0.875 0.5 -1
0 -19 6.2 1.988896 0.875 0.5 -1
0 -5.2 -7.6 1.988894 0.875 0.5 -1
0 5.2 -7.6 -0.011106 0.875 0.5 -1
0 5.2 24.700001 -0.011101 0.875 0.5 -1
0 5.2 24.700001 1.988899 0.875 0.5 -1
0 5.2 -7.6 1.988894 0.875 0.5 -1
78
0.0288 -0.0288 -0.9992
0.0277 -0.0276 -0.9992
0.0277 0.0277 -0.9992
-0.0278 0.0278 -0.9992
-0.0282 0.0285 -0.9992
0.0411 0 -0.9992
0.0409 0 -0.9992
0 0.0409 -0.9992
-0.0409 0 -0.9992
0.0278 0.0277 -0.9992
-0.0277 0.0277 -0.9992
-0.0277 -0.0276 -0.9992
-0.0288 -0.0288 -0.9992
-0.0288 0.0288 0.9992
-0.0277 0.0276 0.9992
-0.0277 -0.0277 0.9992
0.0278 -0.0278 0.9992
0.0282 -0.0285 0.9992
-0.0411 0 0.9992
-0.0409 0 0.9992
0 -0.0409 0.9992
0.0409 0 0.9992
-0.0278 -0.0277 0.9992
0.0277 -0.0277 0.9992
0.0277 0.0276 0.9992
0.0288 0.0288 0.9992
0 1 0
-1 0 0
0 -1 0
0.7071 0.7071 0
1 0 0
-0.7071 0.7071 0
-0.7083 0.7059 0
-0.7071 -0.7071 0
0.7073 0.7069 0
0.7071 -0.7071 0
-0.7065 0.7077 0
0.7083 0.7059 0
1 -0.0003 0
0.7035 -0.7107 0
0 0 -1
0 0 1
1 0 0
0.7071 0.7071 0
-0.7075 -0.7067 0
-0.7071 0.7071 0
0.7083 -0.7059 0
0.7067 -0.7075 0
-0.7083 -0.7059 0
-0.7071 -0.7071 0
-0.7035 0.7107 0
0.7071 -0.7071 0
-1 -0.0001 0
0 1 0
0 -1 0
-1 0 0
0 0 -1
0 0 1
-0.7071 -0.7071 0
0 1 0
0.7071 -0.7071 0
-1 0 0
0.7075 0.7067 0
0 -1 0
-0.7067 0.7075 0
1 0 0
0.7071 0.7071 0
-0.7071 0.7071 0
1 0.0001 0
0 0 -1
0 0 1
0.7071 -0.7071 0
-0.7071 0.7071 0
0 1 0
0.7071 0.7071 0
-0.7071 -0.7071 0
-1 0 0
1 0 0
72
0 272 273 274 56 56 56 1
0 275 272 274 56 56 56 1
0 272 275 276 56 56 56 1
0 275 277 276 56 56 56 1
0 276 277 278 56 56 56 1
0 277 279 278 56 56 56 1
0 278 279 280 56 56 56 1
0 279 281 280 56 56 56 1
0 280 281 282 56 56 56 1
0 281 283 282 56 56 56 1
0 282 283 284 56 56 56 1
0 283 285 284 56 56 56 1
0 284 285 286 56 56 56 1
0 285 287 286 56 56 56 1
0 286 287 288 56 56 56 1
0 287 289 288 56 56 56 1
0 274 288 289 56 56 56 1
0 288 274 273 56 56 56 1
0 290 291 292 57 57 57 1
0 293 291 290 57 57 57 1
0 290 294 293 57 57 57 1
0 293 294 295 57 57 57 1
0 294 296 295 57 57 57 1
0 295 296 297 57 57 57 1
0 296 298 297 57 57 57 1
0 297 298 299 57 57 57 1
0 298 300 299 57 57 57 1
0 299 300 301 57 57 57 1
0 300 302 301 57 57 57 1
0 301 302 303 57 57 57 1
0 302 304 303 57 57 57 1
0 303 304 305 57 57 57 1
0 304 306 305 57 57 57 1
0 305 306 307 57 57 57 1
0 291 307 306 57 57 57 1
0 306 292 291 57 57 57 1
0 308 309 310 58 58 58 1
0 308 310 311 58 58 58 1
0 312 313 314 59 59 59 1
0 312 314 315 59 59 59 1
0 316 317 318 60 60 60 1
0 316 318 319 60 60 60 1
0 320 321 322 61 61 61 1
0 320 322 323 61 61 61 1
0 324 325 326 61 61 61 1
0 324 326 327 61 61 61 1
0 328 329 330 62 62 62 1
0 328 330 331 62 62 62 1
0 332 333 334 63 63 63 1
0 332 334 335 63 63 63 1
0 336 337 338 64 64 64 1
0 336 338 339 64 64 64 1
0 340 341 342 65 65 65 1
0 340 342 343 65 65 65 1
0 344 345 346 58 58 58 1
0 344 346 347 58 58 58 1
0 348 349 350 66 66 66 1
0 348 350 351 66 66 66 1
0 352 353 354 58 58 58 1
0 352 354 355 58 58 58 1
0 356 357 358 60 60 60 1
0 356 358 359 60 60 60 1
0 360 361 362 67 67 67 1
0 360 362 363 67 67 67 1
0 364 365 366 60 60 60 1
0 364 366 367 60 60 60 1
0 368 369 370 67 67 67 1
0 368 370 371 67 67 67 1
0 372 373 374 68 68 68 1
0 372 374 375 68 68 68 1
0 376 377 378 66 66 66 1
0 376 378 379 66 66 66 1
"Center_Plane.003" 0 0
434
0 0 -30.5 0.066619 0.125 0.5 -1
0 0 -27.800001 -0.011108 0.125 0.5 -1
0 31.9 1.4 0.066624 0.125 0.5 -1
0 0 -27.800001 -0.011108 0.125 0.5 -1
0 29.1 1.4 -0.011105 0.125 0.5 -1
0 31.9 1.4 0.066624 0.125 0.5 -1
0 31.9 1.4 0.066624 0.125 0.5 -1
0 29.1 1.4 -0.011105 0.125 0.5 -1
0 19.006739 14.3 0.066625 0.125 0.5 -1
0 19 11.5 -0.011103 0.125 0.5 -1
0 19.006739 14.3 0.066625 0.125 0.5 -1
0 19 11.5 -0.011103 0.125 0.5 -1
0 10.99234 6.3 0.066624 0.125 0.5 -1
0 19 11.5 -0.011103 0.125 0.5 -1
0 9.1 1.7 -0.011105 0.125 0.5 -1
0 10.99234 6.3 0.066624 0.125 0.5 -1
0 10.99234 6.3 0.066624 0.125 0.5 -1
0 9.1 1.7 -0.011105 0.125 0.5 -1
0 11 30.5 0.066628 0.125 0.5 -1
0 9.1 1.7 -0.011105 0.125 0.5 -1
0 9.1 28.6 -0.011101 0.125 0.5 -1
0 11 30.5 0.066628 0.125 0.5 -1
0 11 30.5 0.066628 0.125 0.5 -1
0 9.1 28.6 -0.011101 0.125 0.5 -1
0 -11 30.5 0.066628 0.125 0.5 -1
0 -9.1 28.6 -0.011101 0.125 0.5 -1
0 -11 30.5 0.066628 0.125 0.5 -1
0 -9.1 28.6 -0.011101 0.125 0.5 -1
0 -11 6.3 0.066624 0.125 0.5 -1
0 -9.1 1.6 -0.011105 0.125 0.5 -1
0 -11 6.3 0.066624 0.125 0.5 -1
0 -9.1 1.6 -0.011105 0.125 0.5 -1
0 -19 14.3 0.066626 0.125 0.5 -1
0 -9.1 1.6 -0.011105 0.125 0.5 -1
0 -18.999928 11.501 -0.011103 0.125 0.5 -1
0 -19 14.3 0.066626 0.125 0.5 -1
0 -19 14.3 0.066626 0.125 0.5 -1
0 -18.999928 11.501 -0.011103 0.125 0.5 -1
0 -31.9 1.4 0.066624 0.125 0.5 -1
0 -29.1 1.4 -0.011104 0.125 0.5 -1
0 0 -27.800001 -0.011108 0.125 0.5 -1
0 -31.9 1.4 0.066624 0.125 0.5 -1
0 -29.1 1.4 -0.011104 0.125 0.5 -1
0 -31.9 1.4 0.066624 0.125 0.5 -1
0 0 -27.800001 -0.011108 0.125 0.5 -1
0 0 -30.5 0.066619 0.125 0.5 -1
0 0 -30.5 2.066619 0.125 0.5 -1
0 31.9 1.4 2.066624 0.125 0.5 -1
0 0 -27.800001 1.988891 0.125 0.5 -1
0 0 -27.800001 1.988891 0.125 0.5 -1
0 31.9 1.4 2.066624 0.125 0.5 -1
0 29.1 1.4 1.988895 0.125 0.5 -1
0 31.9 1.4 2.066624 0.125 0.5 -1
0 19.006739 14.3 2.066625 0.125 0.5 -1
0 29.1 1.4 1.988895 0.125 0.5 -1
0 19 11.5 1.988897 0.125 0.5 -1
0 19.006739 14.3 2.066625 0.125 0.5 -1
0 10.99234 6.3 2.066624 0.125 0.5 -1
0 19 11.5 1.988897 0.125 0.5 -1
0 19 11.5 1.988897 0.125 0.5 -1
0 10.99234 6.3 2.066624 0.125 0.5 -1
0 9.1 1.7 1.988895 0.125 0.5 -1
0 10.99234 6.3 2.066624 0.125 0.5 -1
0 11 30.5 2.066628 0.125 0.5 -1
0 9.1 1.7 1.988895 0.125 0.5 -1
0 9.1 1.7 1.988895 0.125 0.5 -1
0 11 30.5 2.066628 0.125 0.5 -1
0 9.1 28.6 1.988899 0.125 0.5 -1
0 11 30.5 2.066628 0.125 0.5 -1
0 -11 30.5 2.066628 0.125 0.5 -1
0 9.1 28.6 1.988899 0.125 0.5 -1
0 -9.1 28.6 1.988899 0.125 0.5 -1
0 -11 30.5 2.066628 0.125 0.5 -1
0 -11 6.3 2.066624 0.125 0.5 -1
0 -9.1 28.6 1.988899 0.125 0.5 -1
0 -9.1 1.6 1.988895 0.125 0.5 -1
0 -11 6.3 2.066624 0.125 0.5 -1
0 -19 14.3 2.066625 0.125 0.5 -1
0 -9.1 1.6 1.988895 0.125 0.5 -1
0 -9.1 1.6 1.988895 0.125 0.5 -1
0 -19 14.3 2.066625 0.125 0.5 -1
0 -18.999928 11.501 1.988897 0.125 0.5 -1
0 -19 14.3 2.066625 0.125 0.5 -1
0 -31.9 1.4 2.066624 0.125 0.5 -1
0 -18.999928 11.501 1.988897 0.125 0.5 -1
0 -29.1 1.4 1.988895 0.125 0.5 -1
0 0 -27.800001 1.988891 0.125 0.5 -1
0 -29.1 1.4 1.988895 0.125 0.5 -1
0 -31.9 1.4 2.066624 0.125 0.5 -1
0 -31.9 1.4 2.066624 0.125 0.5 -1
0 0 -30.5 2.066619 0.125 0.5 -1
0 0 -27.800001 1.988891 0.125 0.5 -1
0 11 30.5 0.066628 0.125 0.5 -1
0 -11 30.5 0.066628 0.125 0.5 -1
0 -11 30.5 2.066628 0.125 0.5 -1
0 11 30.5 2.066628 0.125 0.5 -1
0 9.1 28.6 -0.011101 0.125 0.5 -1
0 9.1 1.7 -0.011105 0.125 0.5 -1
0 9.1 1.7 1.988895 0.125 0.5 -1
0 9.1 28.6 1.988899 0.125 0.5 -1
0 -11 30.5 0.066628 0.125 0.5 -1
0 -11 6.3 0.066624 0.125 0.5 -1
0 -11 6.3 2.066624 0.125 0.5 -1
0 -11 30.5 2.066628 0.125 0.5 -1
0 -9.1 28.6 -0.011101 0.125 0.5 -1
0 9.1 28.6 -0.011101 0.125 0.5 -1
0 9.1 28.6 1.988899 0.125 0.5 -1
0 -9.1 28.6 1.988899 0.125 0.5 -1
0 -11 6.3 0.066624 0.125 0.5 -1
0 -19 14.3 0.066626 0.125 0.5 -1
0 -19 14.3 2.066625 0.125 0.5 -1
0 -11 6.3 2.066624 0.125 0.5 -1
0 -9.1 1.6 -0.011105 0.125 0.5 -1
0 -9.1 28.6 -0.011101 0.125 0.5 -1
0 -9.1 28.6 1.988899 0.125 0.5 -1
0 -9.1 1.6 1.988895 0.125 0.5 -1
0 -19 14.3 0.066626 0.125 0.5 -1
0 -31.9 1.4 0.066624 0.125 0.5 -1
0 -31.9 1.4 2.066624 0.125 0.5 -1
0 -19 14.3 2.066625 0.125 0.5 -1
0 29.1 1.4 -0.011105 0.125 0.5 -1
0 0 -27.800001 -0.011108 0.125 0.5 -1
0 0 -27.800001 1.988891 0.125 0.5 -1
0 29.1 1.4 1.988895 0.125 0.5 -1
0 -18.999928 11.501 -0.011103 0.125 0.5 -1
0 -9.1 1.6 -0.011105 0.125 0.5 -1
0 -9.1 1.6 1.988895 0.125 0.5 -1
0 -18.999928 11.501 1.988897 0.125 0.5 -1
0 -31.9 1.4 0.066624 0.125 0.5 -1
0 0 -30.5 0.066619 0.125 0.5 -1
0 0 -30.5 2.066619 0.125 0.5 -1
0 -31.9 1.4 2.066624 0.125 0.5 -1
0 31.9 1.4 0.066624 0.125 0.5 -1
0 19.006739 14.3 0.066625 0.125 0.5 -1
0 19.006739 14.3 2.066625 0.125 0.5 -1
0 31.9 1.4 2.066624 0.125 0.5 -1
0 -29.1 1.4 -0.011104 0.125 0.5 -1
0 -18.999928 11.501 -0.011103 0.125 0.5 -1
0 -18.999928 11.501 1.988897 0.125 0.5 -1
0 -29.1 1.4 1.988895 0.125 0.5 -1
0 0 -30.5 0.066619 0.125 0.5 -1
0 31.9 1.4 0.066624 0.125 0.5 -1
0 31.9 1.4 2.066624 0.125 0.5 -1
0 0 -30.5 2.066619 0.125 0.5 -1
0 19.006739 14.3 0.066625 0.125 0.5 -1
0 10.99234 6.3 0.066624 0.125 0.5 -1
0 10.99234 6.3 2.066624 0.125 0.5 -1
0 19.006739 14.3 2.066625 0.125 0.5 -1
0 0 -27.800001 -0.011108 0.125 0.5 -1
0 -29.1 1.4 -0.011104 0.125 0.5 -1
0 -29.1 1.4 1.988895 0.125 0.5 -1
0 0 -27.800001 1.988891 0.125 0.5 -1
0 19 11.5 -0.011103 0.125 0.5 -1
0 29.1 1.4 -0.011105 0.125 0.5 -1
0 29.1 1.4 1.988895 0.125 0.5 -1
0 19 11.5 1.988897 0.125 0.5 -1
0 10.99234 6.3 0.066624 0.125 0.5 -1
0 11 30.5 0.066628 0.125 0.5 -1
0 11 30.5 2.066628 0.125 0.5 -1
0 10.99234 6.3 2.066624 0.125 0.5 -1
0 9.1 1.7 -0.011105 0.125 0.5 -1
0 19 11.5 -0.011103 0.125 0.5 -1
0 19 11.5 1.988897 0.125 0.5 -1
0 9.1 1.7 1.988895 0.125 0.5 -1
0 0 -27.800001 -0.011108 0.375 0.5 -1
0 0 -23.700001 -0.011108 0.375 0.5 -1
0 29.1 1.4 -0.011105 0.375 0.5 -1
0 25.1 1.4 -0.011105 0.375 0.5 -1
0 19 11.5 -0.011103 0.375 0.5 -1
0 19 7.5 -0.011104 0.375 0.5 -1
0 9.1 1.7 -0.011105 0.375 0.5 -1
0 6.1 -5.4 -0.011105 0.375 0.5 -1
0 9.1 28.6 -0.011101 0.375 0.5 -1
0 6.097386 25.605639 -0.011101 0.375 0.5 -1
0 -9.1 28.6 -0.011101 0.375 0.5 -1
0 -6.105899 25.605333 -0.011101 0.375 0.5 -1
0 -9.1 1.6 -0.011105 0.375 0.5 -1
0 -6.107126 -5.4 -0.011105 0.375 0.5 -1
0 -18.999928 11.501 -0.011103 0.375 0.5 -1
0 -18.993473 7.5 -0.011104 0.375 0.5 -1
0 -29.1 1.4 -0.011104 0.375 0.5 -1
0 -25.1 1.4 -0.011105 0.375 0.5 -1
0 0 -27.800001 1.988891 0.375 0.5 -1
0 29.1 1.4 1.988895 0.375 0.5 -1
0 0 -23.700001 1.988892 0.375 0.5 -1
0 25.1 1.4 1.988895 0.375 0.5 -1
0 19 11.5 1.988897 0.375 0.5 -1
0 19 7.5 1.988896 0.375 0.5 -1
0 9.1 1.7 1.988895 0.375 0.5 -1
0 6.1 -5.4 1.988894 0.375 0.5 -1
0 9.1 28.6 1.988899 0.375 0.5 -1
0 6.097386 25.605639 1.988899 0.375 0.5 -1
0 -9.1 28.6 1.988899 0.375 0.5 -1
0 -6.105899 25.605333 1.988899 0.375 0.5 -1
0 -9.1 1.6 1.988895 0.375 0.5 -1
0 -6.107126 -5.4 1.988894 0.375 0.5 -1
0 -18.999928 11.501 1.988897 0.375 0.5 -1
0 -18.993473 7.5 1.988896 0.375 0.5 -1
0 -29.1 1.4 1.988895 0.375 0.5 -1
0 -25.1 1.4 1.988895 0.375 0.5 -1
0 -6.107126 -5.4 -0.011105 0.375 0.5 -1
0 -6.105899 25.605333 -0.011101 0.375 0.5 -1
0 -6.105899 25.605333 1.988899 0.375 0.5 -1
0 -6.107126 -5.4 1.988894 0.375 0.5 -1
0 -9.1 1.6 -0.011105 0.375 0.5 -1
0 -18.999928 11.501 -0.011103 0.375 0.5 -1
0 -18.999928 11.501 1.988897 0.375 0.5 -1
0 -9.1 1.6 1.988895 0.375 0.5 -1
0 -18.993473 7.5 -0.011104 0.375 0.5 -1
0 -6.107126 -5.4 -0.011105 0.375 0.5 -1
0 -6.107126 -5.4 1.988894 0.375 0.5 -1
0 -18.993473 7.5 1.988896 0.375 0.5 -1
0 -18.999928 11.501 -0.011103 0.375 0.5 -1
0 -29.1 1.4 -0.011104 0.375 0.5 -1
0 -29.1 1.4 1.988895 0.375 0.5 -1
0 -18.999928 11.501 1.988897 0.375 0.5 -1
0 0 -27.800001 -0.011108 0.375 0.5 -1
0 29.1 1.4 -0.011105 0.375 0.5 -1
0 29.1 1.4 1.988895 0.375 0.5 -1
0 0 -27.800001 1.988891 0.375 0.5 -1
0 -25.1 1.4 -0.011105 0.375 0.5 -1
0 -18.993473 7.5 -0.011104 0.375 0.5 -1
0 -18.993473 7.5 1.988896 0.375 0.5 -1
0 -25.1 1.4 1.988895 0.375 0.5 -1
0 -29.1 1.4 -0.011104 0.375 0.5 -1
0 0 -27.800001 -0.011108 0.375 0.5 -1
0 0 -27.800001 1.988891 0.375 0.5 -1
0 -29.1 1.4 1.988895 0.375 0.5 -1
0 29.1 1.4 -0.011105 0.375 0.5 -1
0 19 11.5 -0.011103 0.375 0.5 -1
0 19 11.5 1.988897 0.375 0.5 -1
0 29.1 1.4 1.988895 0.375 0.5 -1
0 0 -23.700001 -0.011108 0.375 0.5 -1
0 -25.1 1.4 -0.011105 0.375 0.5 -1
0 -25.1 1.4 1.988895 0.375 0.5 -1
0 0 -23.700001 1.988892 0.375 0.5 -1
0 19 7.5 -0.011104 0.375 0.5 -1
0 25.1 1.4 -0.011105 0.375 0.5 -1
0 25.1 1.4 1.988895 0.375 0.5 -1
0 19 7.5 1.988896 0.375 0.5 -1
0 19 11.5 -0.011103 0.375 0.5 -1
0 9.1 1.7 -0.011105 0.375 0.5 -1
0 9.1 1.7 1.988895 0.375 0.5 -1
0 19 11.5 1.988897 0.375 0.5 -1
0 25.1 1.4 -0.011105 0.375 0.5 -1
0 0 -23.700001 -0.011108 0.375 0.5 -1
0 0 -23.700001 1.988892 0.375 0.5 -1
0 25.1 1.4 1.988895 0.375 0.5 -1
0 6.1 -5.4 -0.011105 0.375 0.5 -1
0 19 7.5 -0.011104 0.375 0.5 -1
0 19 7.5 1.988896 0.375 0.5 -1
0 6.1 -5.4 1.988894 0.375 0.5 -1
0 9.1 1.7 -0.011105 0.375 0.5 -1
0 9.1 28.6 -0.011101 0.375 0.5 -1
0 9.1 28.6 1.988899 0.375 0.5 -1
0 9.1 1.7 1.988895 0.375 0.5 -1
0 6.097386 25.605639 -0.011101 0.375 0.5 -1
0 6.1 -5.4 -0.011105 0.375 0.5 -1
0 6.1 -5.4 1.988894 0.375 0.5 -1
0 6.097386 25.605639 1.988899 0.375 0.5 -1
0 9.1 28.6 -0.011101 0.375 0.5 -1
0 -9.1 28.6 -0.011101 0.375 0.5 -1
0 -9.1 28.6 1.988899 0.375 0.5 -1
0 9.1 28.6 1.988899 0.375 0.5 -1
0 -6.105899 25.605333 -0.011101 0.375 0.5 -1
0 6.097386 25.605639 -0.011101 0.375 0.5 -1
0 6.097386 25.605639 1.988899 0.375 0.5 -1
0 -6.105899 25.605333 1.988899 0.375 0.5 -1
0 -9.1 28.6 -0.011101 0.375 0.5 -1
0 -9.1 1.6 -0.011105 0.375 0.5 -1
0 -9.1 1.6 1.988895 0.375 0.5 -1
0 -9.1 28.6 1.988899 0.375 0.5 -1
0 25.1 1.4 -0.011105 0.625 0.5 -1
0 0 -23.700001 -0.011108 0.625 0.5 -1
0 0 -22.4 -0.011108 0.625 0.5 -1
0 23.800001 1.4 -0.011105 0.625 0.5 -1
0 19 7.5 -0.011104 0.625 0.5 -1
0 19 6.2 -0.011104 0.625 0.5 -1
0 6.1 -5.4 -0.011105 0.625 0.5 -1
0 5.2 -7.6 -0.011106 0.625 0.5 -1
0 6.097386 25.605639 -0.011101 0.625 0.5 -1
0 5.2 24.700001 -0.011101 0.625 0.5 -1
0 -6.105899 25.605333 -0.011101 0.625 0.5 -1
0 -5.2 24.700001 -0.011101 0.625 0.5 -1
0 -6.107126 -5.4 -0.011105 0.625 0.5 -1
0 -5.2 -7.6 -0.011106 0.625 0.5 -1
0 -18.993473 7.5 -0.011104 0.625 0.5 -1
0 -19 6.2 -0.011104 0.625 0.5 -1
0 -25.1 1.4 -0.011105 0.625 0.5 -1
0 -23.800001 1.4 -0.011105 0.625 0.5 -1
0 25.1 1.4 1.988895 0.625 0.5 -1
0 0 -22.4 1.988892 0.625 0.5 -1
0 0 -23.700001 1.988892 0.625 0.5 -1
0 23.800001 1.4 1.988895 0.625 0.5 -1
0 19 7.5 1.988896 0.625 0.5 -1
0 19 6.2 1.988896 0.625 0.5 -1
0 6.1 -5.4 1.988894 0.625 0.5 -1
0 5.2 -7.6 1.988894 0.625 0.5 -1
0 6.097386 25.605639 1.988899 0.625 0.5 -1
0 5.2 24.700001 1.988899 0.625 0.5 -1
0 -6.105899 25.605333 1.988899 0.625 0.5 -1
0 -5.2 24.700001 1.988899 0.625 0.5 -1
0 -6.107126 -5.4 1.988894 0.625 0.5 -1
0 -5.2 -7.6 1.988894 0.625 0.5 -1
0 -18.993473 7.5 1.988896 0.625 0.5 -1
0 -19 6.2 1.988896 0.625 0.5 -1
0 -25.1 1.4 1.988895 0.625 0.5 -1
0 -23.800001 1.4 1.988895 0.625 0.5 -1
0 19 6.2 -0.011104 0.625 0.5 -1
0 23.800001 1.4 -0.011105 0.625 0.5 -1
0 23.800001 1.4 1.988895 0.625 0.5 -1
0 19 6.2 1.988896 0.625 0.5 -1
0 6.097386 25.605639 -0.011101 0.625 0.5 -1
0 -6.105899 25.605333 -0.011101 0.625 0.5 -1
0 -6.105899 25.605333 1.988899 0.625 0.5 -1
0 6.097386 25.605639 1.988899 0.625 0.5 -1
0 5.2 -7.6 -0.011106 0.625 0.5 -1
0 19 6.2 -0.011104 0.625 0.5 -1
0 19 6.2 1.988896 0.625 0.5 -1
0 5.2 -7.6 1.988894 0.625 0.5 -1
0 -6.105899 25.605333 -0.011101 0.625 0.5 -1
0 -6.107126 -5.4 -0.011105 0.625 0.5 -1
0 -6.107126 -5.4 1.988894 0.625 0.5 -1
0 -6.105899 25.605333 1.988899 0.625 0.5 -1
0 5.2 24.700001 -0.011101 0.625 0.5 -1
0 5.2 -7.6 -0.011106 0.625 0.5 -1
0 5.2 -7.6 1.988894 0.625 0.5 -1
0 5.2 24.700001 1.988899 0.625 0.5 -1
0 -6.107126 -5.4 -0.011105 0.625 0.5 -1
0 -18.993473 7.5 -0.011104 0.625 0.5 -1
0 -18.993473 7.5 1.988896 0.625 0.5 -1
0 -6.107126 -5.4 1.988894 0.625 0.5 -1
0 -5.2 24.700001 -0.011101 0.625 0.5 -1
0 5.2 24.700001 -0.011101 0.625 0.5 -1
0 5.2 24.700001 1.988899 0.625 0.5 -1
0 -5.2 24.700001 1.988899 0.625 0.5 -1
0 -18.993473 7.5 -0.011104 0.625 0.5 -1
0 -25.1 1.4 -0.011105 0.625 0.5 -1
0 -25.1 1.4 1.988895 0.625 0.5 -1
0 -18.993473 7.5 1.988896 0.625 0.5 -1
0 -5.2 -7.6 -0.011106 0.625 0.5 -1
0 -5.2 24.700001 -0.011101 0.625 0.5 -1
0 -5.2 24.700001 1.988899 0.625 0.5 -1
0 -5.2 -7.6 1.988894 0.625 0.5 -1
0 -25.1 1.4 -0.011105 0.625 0.5 -1
0 0 -23.700001 -0.011108 0.625 0.5 -1
0 0 -23.700001 1.988892 0.625 0.5 -1
0 -25.1 1.4 1.988895 0.625 0.5 -1
0 25.1 1.4 -0.011105 0.625 0.5 -1
0 19 7.5 -0.011104 0.625 0.5 -1
0 19 7.5 1.988896 0.625 0.5 -1
0 25.1 1.4 1.988895 0.625 0.5 -1
0 -19 6.2 -0.011104 0.625 0.5 -1
0 -5.2 -7.6 -0.011106 0.625 0.5 -1
0 -5.2 -7.6 1.988894 0.625 0.5 -1
0 -19 6.2 1.988896 0.625 0.5 -1
0 0 -23.700001 -0.011108 0.625 0.5 -1
0 25.1 1.4 -0.011105 0.625 0.5 -1
0 25.1 1.4 1.988895 0.625 0.5 -1
0 0 -23.700001 1.988892 0.625 0.5 -1
0 19 7.5 -0.011104 0.625 0.5 -1
0 6.1 -5.4 -0.011105 0.625 0.5 -1
0 6.1 -5.4 1.988894 0.625 0.5 -1
0 19 7.5 1.988896 0.625 0.5 -1
0 -23.800001 1.4 -0.011105 0.625 0.5 -1
0 -19 6.2 -0.011104 0.625 0.5 -1
0 -19 6.2 1.988896 0.625 0.5 -1
0 -23.800001 1.4 1.988895 0.625 0.5 -1
0 23.800001 1.4 -0.011105 0.625 0.5 -1
0 0 -22.4 -0.011108 0.625 0.5 -1
0 0 -22.4 1.988892 0.625 0.5 -1
0 23.800001 1.4 1.988895 0.625 0.5 -1
0 6.1 -5.4 -0.011105 0.625 0.5 -1
0 6.097386 25.605639 -0.011101 0.625 0.5 -1
0 6.097386 25.605639 1.988899 0.625 0.5 -1
0 6.1 -5.4 1.988894 0.625 0.5 -1
0 0 -22.4 -0.011108 0.625 0.5 -1
0 -23.800001 1.4 -0.011105 0.625 0.5 -1
0 -23.800001 1.4 1.988895 0.625 0.5 -1
0 0 -22.4 1.988892 0.625 0.5 -1
0 -5.2 24.700001 -0.011101 0.875 0.5 -1
0 5.2 24.700001 -0.011101 0.875 0.5 -1
0 -5.2 -7.6 -0.011106 0.875 0.5 -1
0 5.2 -7.6 -0.011106 0.875 0.5 -1
0 19 6.2 -0.011104 0.875 0.5 -1
0 23.800001 1.4 -0.011105 0.875 0.5 -1
0 0 -22.4 -0.011108 0.875 0.5 -1
0 -23.800001 1.4 -0.011105 0.875 0.5 -1
0 -19 6.2 -0.011104 0.875 0.5 -1
0 -5.2 24.700001 1.988899 0.875 0.5 -1
0 -5.2 -7.6 1.988894 0.875 0.5 -1
0 5.2 24.700001 1.988899 0.875 0.5 -1
0 5.2 -7.6 1.988894 0.875 0.5 -1
0 19 6.2 1.988896 0.875 0.5 -1
0 23.800001 1.4 1.988895 0.875 0.5 -1
0 0 -22.4 1.988892 0.875 0.5 -1
0 -23.800001 1.4 1.988895 0.875 0.5 -1
0 -19 6.2 1.988896 0.875 0.5 -1
0 0 -22.4 -0.011108 0.875 0.5 -1
0 23.800001 1.4 -0.011105 0.875 0.5 -1
0 23.800001 1.4 1.988895 0.875 0.5 -1
0 0 -22.4 1.988892 0.875 0.5 -1
0 -19 6.2 -0.011104 0.875 0.5 -1
0 -23.800001 1.4 -0.011105 0.875 0.5 -1
0 -23.800001 1.4 1.988895 0.875 0.5 -1
0 -19 6.2 1.988896 0.875 0.5 -1
0 5.2 24.700001 -0.011101 0.875 0.5 -1
0 -5.2 24.700001 -0.011101 0.875 0.5 -1
0 -5.2 24.700001 1.988899 0.875 0.5 -1
0 5.2 24.700001 1.988899 0.875 0.5 -1
0 23.800001 1.4 -0.011105 0.875 0.5 -1
0 19 6.2 -0.011104 0.875 0.5 -1
0 19 6.2 1.988896 0.875 0.5 -1
0 23.800001 1.4 1.988895 0.875 0.5 -1
0 -23.800001 1.4 -0.011105 0.875 0.5 -1
0 0 -22.4 -0.011108 0.875 0.5 -1
0 0 -22.4 1.988892 0.875 0.5 -1
0 -23.800001 1.4 1.988895 0.875 0.5 -1
0 -5.2 24.700001 -0.011101 0.875 0.5 -1
0 -5.2 -7.6 -0.011106 0.875 0.5 -1
0 -5.2 -7.6 1.988894 0.875 0.5 -1
0 -5.2 24.700001 1.988899 0.875 0.5 -1
0 19 6.2 -0.011104 0.875 0.5 -1
0 5.2 -7.6 -0.011106 0.875 0.5 -1
0 5.2 -7.6 1.988894 0.875 0.5 -1
0 19 6.2 1.988896 0.875 0.5 -1
0 -5.2 -7.6 -0.011106 0.875 0.5 -1
0 -19 6.2 -0.011104 0.875 0.5 -1
0 -19 6.2 1.988896 0.875 0.5 -1
0 -5.2 -7.6 1.988894 0.875 0.5 -1
0 5.2 -7.6 -0.011106 0.875 0.5 -1
0 5.2 24.700001 -0.011101 0.875 0.5 -1
0 5.2 24.700001 1.988899 0.875 0.5 -1
0 5.2 -7.6 1.988894 0.875 0.5 -1
78
0.0288 -0.0288 -0.9992
0.0277 -0.0276 -0.9992
0.0277 0.0277 -0.9992
-0.0278 0.0278 -0.9992
-0.0282 0.0285 -0.9992
0.0411 0 -0.9992
0.0409 0 -0.9992
0 0.0409 -0.9992
-0.0409 0 -0.9992
0.0278 0.0277 -0.9992
-0.0277 0.0277 -0.9992
-0.0277 -0.0276 -0.9992
-0.0288 -0.0288 -0.9992
-0.0288 0.0288 0.9992
-0.0277 0.0276 0.9992
-0.0277 -0.0277 0.9992
0.0278 -0.0278 0.9992
0.0282 -0.0285 0.9992
-0.0411 0 0.9992
-0.0409 0 0.9992
0 -0.0409 0.9992
0.0409 0 0.9992
-0.0278 -0.0277 0.9992
0.0277 -0.0277 0.9992
0.0277 0.0276 0.9992
0.0288 0.0288 0.9992
0 1 0
-1 0 0
0 -1 0
0.7071 0.7071 0
1 0 0
-0.7071 0.7071 0
-0.7083 0.7059 0
-0.7071 -0.7071 0
0.7073 0.7069 0
0.7071 -0.7071 0
-0.7065 0.7077 0
0.7083 0.7059 0
1 -0.0003 0
0.7035 -0.7107 0
0 0 -1
0 0 1
1 0 0
0.7071 0.7071 0
-0.7075 -0.7067 0
-0.7071 0.7071 0
0.7083 -0.7059 0
0.7067 -0.7075 0
-0.7083 -0.7059 0
-0.7071 -0.7071 0
-0.7035 0.7107 0
0.7071 -0.7071 0
-1 -0.0001 0
0 1 0
0 -1 0
-1 0 0
0 0 -1
0 0 1
-0.7071 -0.7071 0
0 1 0
0.7071 -0.7071 0
-1 0 0
0.7075 0.7067 0
0 -1 0
-0.7067 0.7075 0
1 0 0
0.7071 0.7071 0
-0.7071 0.7071 0
1 0.0001 0
0 0 -1
0 0 1
0.7071 -0.7071 0
-0.7071 0.7071 0
0 1 0
0.7071 0.7071 0
-0.7071 -0.7071 0
-1 0 0
1 0 0
32
0 380 381 382 69 69 69 1
0 381 383 382 69 69 69 1
0 384 385 383 69 69 69 1
0 385 386 383 69 69 69 1
0 383 386 382 69 69 69 1
0 386 387 382 69 69 69 1
0 382 387 388 69 69 69 1
0 389 390 391 70 70 70 1
0 391 390 392 70 70 70 1
0 393 392 394 70 70 70 1
0 394 392 395 70 70 70 1
0 392 390 395 70 70 70 1
0 395 390 396 70 70 70 1
0 390 397 396 70 70 70 1
0 398 399 400 71 71 71 1
0 398 400 401 71 71 71 1
0 402 403 404 72 72 72 1
0 402 404 405 72 72 72 1
0 406 407 408 73 73 73 1
0 406 408 409 73 73 73 1
0 410 411 412 74 74 74 1
0 410 412 413 74 74 74 1
0 414 415 416 75 75 75 1
0 414 416 417 75 75 75 1
0 418 419 420 76 76 76 1
0 418 420 421 76 76 76 1
0 422 423 424 72 72 72 1
0 422 424 425 72 72 72 1
0 426 427 428 74 74 74 1
0 426 428 429 74 74 74 1
0 430 431 432 77 77 77 1
0 430 432 433 77 77 77 1
Materials: 4
"Center"
0.000000 0.000000 0.000000 1.000000
1.000000 1.000000 1.000000 1.000000
1.000000 1.000000 1.000000 1.000000
0.000000 0.000000 0.000000 1.000000
0.000000
1.000000
"textures/Receptor parts.png"
""
"Inline"
0.000000 0.000000 0.000000 1.000000
1.000000 1.000000 1.000000 1.000000
1.000000 1.000000 1.000000 1.000000
0.000000 0.000000 0.000000 1.000000
0.000000
1.000000
"textures/Receptor parts.png"
""
"Midline"
0.000000 0.000000 0.000000 1.000000
1.000000 1.000000 1.000000 1.000000
1.000000 1.000000 1.000000 1.000000
0.000000 0.000000 0.000000 1.000000
0.000000
1.000000
"textures/Receptor parts.png"
""
"Outline"
0.000000 0.000000 0.000000 1.000000
1.000000 1.000000 1.000000 1.000000
1.000000 1.000000 1.000000 1.000000
0.000000 0.000000 0.000000 1.000000
0.000000
1.000000
"textures/Receptor parts.png"
""
Bones: 1
"Bone01"
""
0 0 0 0 0 0 0
1
1 0 0 0
1
1 0 0 0

GroupComments: 0
MaterialComments: 0
BoneComments: 0
ModelComment: 0